DateTime,PriceLevel,RejectionCount,SupportRejectionCount,ResistanceRejectionCount
2019.10.08 02:00,26463.4,378,206,172
2019.10.08 02:15,26481.4,422,215,207
2019.10.08 02:45,26484.9,437,241,196
2019.10.08 03:20,26497.4,463,253,210
2019.10.08 03:25,26484.4,426,233,193
2019.10.08 04:00,26529.9,453,211,242
2019.10.08 04:20,26499.9,471,253,218
2019.10.08 05:05,26560.9,414,197,217
2019.10.08 05:10,26545.9,417,200,217
2019.10.08 05:35,26560.9,412,197,215
2019.10.08 05:40,26549.9,406,190,216
2019.10.08 05:45,26560.9,411,197,214
2019.10.08 05:50,26550.9,419,199,220
2019.10.08 06:20,26581.4,392,193,199
2019.10.08 07:55,26563.9,407,203,204
2019.10.08 08:40,26538.9,433,204,229
2019.10.08 09:30,26556.9,399,198,201
2019.10.08 10:05,26516.1,441,216,225
2019.10.08 10:15,26550.1,399,186,213
2019.10.08 10:30,26503.1,461,238,223
2019.10.08 10:35,26525.6,448,226,222
2019.10.08 13:20,26292.1,450,227,223
2019.10.08 13:45,26302.6,465,232,233
2019.10.08 15:00,26290.6,440,227,213
2019.10.08 15:05,26317.1,436,206,230
2019.10.08 15:15,26270.1,420,226,194
2019.10.08 15:35,26278.6,458,237,221
2019.10.08 15:45,26313.6,422,206,216
2019.10.08 15:55,26292.6,437,222,215
2019.10.08 16:05,26319.6,435,208,227
2019.10.08 16:30,26215.0,458,246,212
2019.10.08 16:35,26279.5,452,230,222
2019.10.08 16:40,26209.0,446,223,223
2019.10.08 16:45,26254.0,443,215,228
2019.10.08 17:20,26223.1,461,252,209
2019.10.08 17:35,26159.1,438,227,211
2019.10.08 17:40,26217.6,449,240,209
2019.10.08 17:50,26168.1,425,213,212
2019.10.08 18:15,26256.1,439,215,224
2019.10.08 19:25,26254.1,444,217,227
2019.10.08 19:35,26229.1,497,261,236
2019.10.08 20:30,26358.1,396,215,181
2019.10.08 20:35,26307.1,420,218,202
2019.10.08 20:45,26357.1,395,220,175
2019.10.08 21:00,26293.6,434,225,209
2019.10.08 21:50,26427.1,319,153,166
2019.10.08 22:10,26246.1,471,224,247
2019.10.08 23:20,26180.1,431,216,215
2019.10.08 23:30,26163.2,428,201,227
2019.10.09 00:05,26171.4,420,213,207
2019.10.09 00:20,26174.6,432,224,208
2019.10.09 00:30,26176.7,433,221,212
2019.10.09 00:35,26175.5,432,224,208
2019.10.09 01:15,26198.5,429,226,203
2019.10.09 02:00,26132.0,386,191,195
2019.10.09 03:15,26191.5,421,221,200
2019.10.09 03:45,26203.0,421,220,201
2019.10.09 04:40,26207.0,423,219,204
2019.10.09 06:05,26242.5,468,217,251
2019.10.09 06:40,26220.5,429,232,197
2019.10.09 06:45,26231.5,480,249,231
2019.10.09 06:50,26221.5,427,227,200
2019.10.09 07:10,26236.0,466,229,237
2019.10.09 08:20,26228.5,474,255,219
2019.10.09 08:40,26203.0,415,216,199
2019.10.09 08:55,26210.5,423,216,207
2019.10.09 09:40,26162.5,420,202,218
2019.10.09 10:35,26232.7,475,234,241
2019.10.09 11:05,26218.2,412,221,191
2019.10.09 11:30,26279.2,443,224,219
2019.10.09 11:35,26248.2,453,209,244
2019.10.09 12:00,26264.7,426,224,202
2019.10.09 12:25,26393.7,303,141,162
2019.10.09 12:55,26395.7,304,150,154
2019.10.09 13:15,26335.7,353,174,179
2019.10.09 13:35,26389.2,328,155,173
2019.10.09 13:40,26365.7,383,187,196
2019.10.09 13:45,26392.2,314,144,170
2019.10.09 14:25,26392.7,309,141,168
2019.10.09 15:55,26360.2,375,194,181
2019.10.09 16:35,26302.1,438,212,226
2019.10.09 17:35,26306.3,414,207,207
2019.10.09 17:45,26342.3,339,178,161
2019.10.09 18:10,26246.8,439,208,231
2019.10.09 18:25,26277.3,428,224,204
2019.10.09 19:20,26359.8,369,195,174
2019.10.09 19:25,26338.8,335,175,160
2019.10.09 19:35,26359.8,368,195,173
2019.10.09 19:50,26327.7,364,175,189
2019.10.09 20:00,26405.2,331,170,161
2019.10.09 20:20,26326.7,375,176,199
2019.10.09 20:50,26377.7,337,165,172
2019.10.09 22:25,26394.5,294,145,149
2019.10.09 22:35,26423.5,328,165,163
2019.10.09 22:45,26325.5,376,173,203
2019.10.09 23:00,26313.9,394,196,198
2019.10.09 23:40,26348.1,316,164,152
2019.10.09 23:55,26371.1,347,173,174
2019.10.10 00:05,26353.4,322,172,150
2019.10.10 00:25,26359.1,347,187,160
2019.10.10 00:55,26352.2,314,163,151
2019.10.10 01:40,26026.4,235,132,103
2019.10.10 01:50,26090.4,380,188,192
2019.10.10 02:40,26079.4,358,202,156
2019.10.10 03:45,26207.4,401,210,191
2019.10.10 04:25,26271.4,385,213,172
2019.10.10 04:30,26235.9,452,221,231
2019.10.10 04:40,26364.4,353,179,174
2019.10.10 05:15,26325.4,372,171,201
2019.10.10 05:20,26303.4,415,205,210
2019.10.10 05:45,26289.4,402,205,197
2019.10.10 06:00,26292.4,404,206,198
2019.10.10 06:05,26309.9,400,196,204
2019.10.10 06:10,26291.9,404,207,197
2019.10.10 06:15,26310.4,398,198,200
2019.10.10 07:55,26295.9,394,194,200
2019.10.10 08:25,26305.4,384,194,190
2019.10.10 08:50,26310.4,389,193,196
2019.10.10 09:05,26307.9,378,197,181
2019.10.10 09:30,26339.4,318,164,154
2019.10.10 09:45,26297.4,394,195,199
2019.10.10 09:50,26331.4,331,155,176
2019.10.10 10:15,26301.6,397,194,203
2019.10.10 10:20,26331.1,328,156,172
2019.10.10 11:45,26308.6,366,182,184
2019.10.10 11:50,26334.6,310,158,152
2019.10.10 11:55,26298.6,384,187,197
2019.10.10 12:50,26326.1,334,162,172
2019.10.10 12:55,26308.1,355,179,176
2019.10.10 13:40,26345.1,316,169,147
2019.10.10 14:50,26293.6,386,200,186
2019.10.10 14:55,26267.6,389,204,185
2019.10.10 15:35,26324.6,330,160,170
2019.10.10 15:40,26298.6,371,180,191
2019.10.10 16:05,26296.1,380,189,191
2019.10.10 16:10,26320.6,343,156,187
2019.10.10 16:15,26297.1,376,189,187
2019.10.10 17:00,26531.0,455,212,243
2019.10.10 17:10,26464.7,371,204,167
2019.10.10 18:25,26568.9,373,181,192
2019.10.10 18:30,26588.9,364,177,187
2019.10.10 18:40,26558.9,392,183,209
2019.10.10 18:45,26576.4,388,198,190
2019.10.10 19:00,26582.4,386,192,194
2019.10.10 20:15,26471.3,388,209,179
2019.10.10 20:25,26493.3,420,217,203
2019.10.10 21:15,26481.3,399,207,192
2019.10.10 21:25,26440.3,317,153,164
2019.10.10 21:45,26431.8,319,167,152
2019.10.10 22:40,26463.9,345,189,156
2019.10.10 22:50,26516.4,423,208,215
2019.10.10 22:55,26475.4,396,197,199
2019.10.10 23:25,26520.9,425,202,223
2019.10.11 01:20,26558.3,393,187,206
2019.10.11 02:20,26576.3,378,192,186
2019.10.11 02:25,26603.3,320,159,161
2019.10.11 03:30,26546.3,402,186,216
2019.10.11 03:40,26565.8,361,176,185
2019.10.11 03:45,26548.8,393,185,208
2019.10.11 03:55,26580.8,365,179,186
2019.10.11 04:40,26554.3,377,185,192
2019.10.11 05:30,26588.8,348,166,182
2019.10.11 05:45,26571.3,353,170,183
2019.10.11 06:20,26624.3,366,184,182
2019.10.11 06:50,26604.8,310,155,155
2019.10.11 06:55,26616.3,332,177,155
2019.10.11 07:20,26628.8,356,168,188
2019.10.11 07:25,26618.8,338,182,156
2019.10.11 07:40,26643.8,330,166,164
2019.10.11 07:50,26633.3,355,180,175
2019.10.11 08:45,26644.3,325,166,159
2019.10.11 09:25,26593.8,332,160,172
2019.10.11 09:50,26611.8,317,176,141
2019.10.11 10:10,26645.0,321,162,159
2019.10.11 11:00,26653.0,316,167,149
2019.10.11 11:05,26637.0,330,168,162
2019.10.11 12:30,26752.0,474,243,231
2019.10.11 12:45,26801.0,434,227,207
2019.10.11 13:15,26795.5,453,224,229
2019.10.11 13:50,26758.5,476,233,243
2019.10.11 13:55,26776.5,456,219,237
2019.10.11 14:05,26755.0,480,241,239
2019.10.11 14:25,26820.0,492,231,261
2019.10.11 14:30,26802.0,436,226,210
2019.10.11 14:40,26822.5,481,237,244
2019.10.11 15:15,26802.0,433,226,207
2019.10.11 15:25,26768.0,435,224,211
2019.10.11 15:40,26804.5,440,232,208
2019.10.11 16:55,26855.4,473,214,259
2019.10.11 17:40,26866.9,468,238,230
2019.10.11 19:15,26861.2,485,243,242
2019.10.11 19:40,26829.9,523,276,247
2019.10.11 20:00,26904.4,357,172,185
2019.10.11 20:55,26941.9,284,153,131
2019.10.11 21:30,26969.4,380,196,184
2019.10.11 21:35,26950.4,315,171,144
2019.10.11 23:00,26763.9,461,234,227
2019.10.11 23:05,26841.9,553,274,279
2019.10.11 23:50,26804.6,434,228,206
2019.10.14 01:15,26878.9,438,227,211
2019.10.14 01:20,26867.4,455,230,225
2019.10.14 01:45,26916.4,326,152,174
2019.10.14 02:15,26913.4,343,166,177
2019.10.14 03:00,26933.9,260,132,128
2019.10.14 04:40,26818.9,471,228,243
2019.10.14 04:55,26874.9,442,217,225
2019.10.14 05:00,26857.9,449,219,230
2019.10.14 05:20,26854.9,453,208,245
2019.10.14 05:50,26891.9,364,173,191
2019.10.14 06:00,26866.9,444,223,221
2019.10.14 06:50,26891.4,361,175,186
2019.10.14 06:55,26882.4,403,183,220
2019.10.14 07:45,26870.4,439,222,217
2019.10.14 07:50,26879.4,413,204,209
2019.10.14 08:30,26850.4,479,235,244
2019.10.14 08:40,26872.4,429,215,214
2019.10.14 09:15,26868.4,443,221,222
2019.10.14 09:30,26837.4,553,277,276
2019.10.14 09:35,26857.9,436,212,224
2019.10.14 09:40,26838.4,554,271,283
2019.10.14 10:15,26798.6,430,210,220
2019.10.14 10:45,26782.1,434,208,226
2019.10.14 10:50,26798.6,427,209,218
2019.10.14 11:45,26829.1,515,274,241
2019.10.14 12:25,26715.1,410,208,202
2019.10.14 12:30,26752.1,472,242,230
2019.10.14 12:45,26677.1,376,183,193
2019.10.14 12:50,26712.1,415,222,193
2019.10.14 12:55,26684.1,386,202,184
2019.10.14 13:05,26706.6,402,213,189
2019.10.14 13:10,26687.6,380,204,176
2019.10.14 13:30,26693.6,403,218,185
2019.10.14 15:00,26796.1,429,208,221
2019.10.14 15:20,26761.6,459,232,227
2019.10.14 15:50,26733.1,401,217,184
2019.10.14 16:30,26803.5,427,216,211
2019.10.14 17:25,26804.2,418,214,204
2019.10.14 18:05,26822.2,447,218,229
2019.10.14 18:40,26861.2,446,228,218
2019.10.14 18:45,26838.7,537,263,274
2019.10.14 18:55,26862.2,436,223,213
2019.10.14 19:15,26846.2,473,223,250
2019.10.14 19:35,26849.2,474,229,245
2019.10.14 19:40,26833.6,534,284,250
2019.10.14 19:45,26849.1,476,230,246
2019.10.14 20:05,26842.6,506,256,250
2019.10.14 20:35,26797.6,425,210,215
2019.10.14 21:50,26799.6,410,204,206
2019.10.14 21:55,26816.6,454,233,221
2019.10.14 22:25,26809.0,471,229,242
2019.10.14 22:30,26783.5,412,195,217
2019.10.14 22:35,26805.0,417,221,196
2019.10.15 00:00,26792.6,408,199,209
2019.10.15 00:50,26790.6,403,199,204
2019.10.15 00:55,26787.7,402,188,214
2019.10.15 01:15,26809.4,470,237,233
2019.10.15 01:20,26804.4,404,208,196
2019.10.15 01:35,26816.9,448,228,220
2019.10.15 01:40,26803.4,410,210,200
2019.10.15 02:05,26822.9,444,214,230
2019.10.15 03:50,26827.9,473,242,231
2019.10.15 04:20,26840.9,501,256,245
2019.10.15 04:40,26851.9,444,214,230
2019.10.15 04:50,26819.9,443,207,236
2019.10.15 05:30,26844.9,470,238,232
2019.10.15 06:25,26819.9,442,206,236
2019.10.15 07:05,26845.9,466,219,247
2019.10.15 07:20,26832.9,493,256,237
2019.10.15 07:50,26850.9,448,216,232
2019.10.15 09:20,26866.9,430,216,214
2019.10.15 09:50,26925.4,278,138,140
2019.10.15 10:10,26898.6,335,167,168
2019.10.15 10:15,26923.1,285,138,147
2019.10.15 10:30,26932.1,268,138,130
2019.10.15 11:25,26885.6,354,156,198
2019.10.15 11:55,26862.6,437,220,217
2019.10.15 12:25,26869.6,426,214,212
2019.10.15 12:35,26885.1,355,161,194
2019.10.15 12:45,26871.6,420,213,207
2019.10.15 13:30,26860.6,438,223,215
2019.10.15 13:35,26847.6,451,222,229
2019.10.15 16:20,26897.1,316,158,158
2019.10.15 16:35,26886.0,335,152,183
2019.10.15 16:55,26905.0,312,152,160
2019.10.15 18:00,27121.0,275,135,140
2019.10.15 18:20,27029.1,257,127,130
2019.10.15 18:35,27033.1,245,124,121
2019.10.15 18:40,27061.1,286,150,136
2019.10.15 18:45,27037.1,248,126,122
2019.10.15 18:50,27060.6,288,152,136
2019.10.15 18:55,27042.1,266,143,123
2019.10.15 19:00,27061.1,285,150,135
2019.10.15 19:25,27023.1,275,127,148
2019.10.15 19:40,27050.1,282,150,132
2019.10.15 19:45,27037.1,243,123,120
2019.10.15 20:00,27070.6,300,156,144
2019.10.15 20:25,27041.1,251,126,125
2019.10.15 20:55,27085.1,375,206,169
2019.10.15 21:05,27062.6,268,135,133
2019.10.15 21:25,27101.1,388,185,203
2019.10.15 21:35,27070.1,293,151,142
2019.10.15 23:35,27054.2,271,145,126
2019.10.15 23:45,27041.2,245,126,119
2019.10.16 00:00,27037.3,237,120,117
2019.10.16 00:35,27044.1,248,134,114
2019.10.16 01:10,27025.0,264,124,140
2019.10.16 01:30,27047.0,258,132,126
2019.10.16 01:45,27031.0,246,124,122
2019.10.16 01:50,27035.5,239,118,121
2019.10.16 02:20,27007.0,370,178,192
2019.10.16 02:35,27026.0,253,122,131
2019.10.16 02:45,27011.5,324,154,170
2019.10.16 02:55,27025.5,255,124,131
2019.10.16 03:00,27012.5,323,151,172
2019.10.16 03:05,27041.5,236,122,114
2019.10.16 03:10,27018.0,298,118,180
2019.10.16 03:15,27033.0,227,117,110
2019.10.16 03:40,26971.0,346,183,163
2019.10.16 03:55,27003.0,374,178,196
2019.10.16 05:15,26989.0,357,176,181
2019.10.16 06:20,26961.5,352,182,170
2019.10.16 06:55,26960.0,345,179,166
2019.10.16 07:15,26955.0,350,192,158
2019.10.16 07:45,26967.0,357,173,184
2019.10.16 08:30,26964.0,355,181,174
2019.10.16 08:35,26973.5,331,180,151
2019.10.16 09:40,26998.5,375,184,191
2019.10.16 09:45,27015.0,301,143,158
2019.10.16 10:50,26991.7,342,174,168
2019.10.16 12:25,26949.2,296,151,145
2019.10.16 12:35,26970.2,329,174,155
2019.10.16 13:10,26999.2,372,180,192
2019.10.16 13:25,26990.7,340,174,166
2019.10.16 13:45,26965.7,343,172,171
2019.10.16 13:55,26987.2,332,156,176
2019.10.16 14:45,27012.7,314,145,169
2019.10.16 15:20,27047.7,260,137,123
2019.10.16 15:40,27012.7,310,143,167
2019.10.16 15:45,26988.7,326,159,167
2019.10.16 16:00,27009.2,331,158,173
2019.10.16 16:40,27023.1,258,120,138
2019.10.16 17:05,26943.1,277,145,132
2019.10.16 19:05,27050.2,265,140,125
2019.10.16 20:25,26991.1,327,165,162
2019.10.16 21:00,26991.6,319,162,157
2019.10.16 21:40,27052.1,260,143,117
2019.10.16 22:45,26993.4,313,155,158
2019.10.16 23:00,27020.2,253,106,147
2019.10.16 23:15,26968.4,330,157,173
2019.10.16 23:40,26984.4,315,156,159
2019.10.17 00:40,26968.8,328,157,171
2019.10.17 01:35,26954.7,319,172,147
2019.10.17 02:05,26940.7,266,138,128
2019.10.17 02:40,26943.2,273,144,129
2019.10.17 02:45,26949.2,285,146,139
2019.10.17 04:30,26942.7,268,137,131
2019.10.17 05:35,26983.2,322,158,164
2019.10.17 06:55,26957.7,307,158,149
2019.10.17 07:00,26953.2,294,154,140
2019.10.17 07:35,26956.7,308,158,150
2019.10.17 08:00,26954.2,293,156,137
2019.10.17 08:05,26959.2,297,150,147
2019.10.17 08:20,26942.2,267,142,125
2019.10.17 09:05,26919.7,284,136,148
2019.10.17 09:10,26934.2,244,124,120
2019.10.17 09:50,26934.7,248,126,122
2019.10.17 10:10,26952.4,291,158,133
2019.10.17 10:15,26941.4,263,137,126
2019.10.17 10:20,26954.9,306,160,146
2019.10.17 10:25,26939.9,256,131,125
2019.10.17 11:00,26965.9,311,149,162
2019.10.17 12:15,26975.9,308,154,154
2019.10.17 12:35,27110.4,314,158,156
2019.10.17 12:40,27057.9,273,157,116
2019.10.17 13:00,27084.4,356,191,165
2019.10.17 13:10,27124.4,266,133,133
2019.10.17 14:30,27080.9,323,172,151
2019.10.17 14:50,27078.9,311,170,141
2019.10.17 15:55,27061.4,255,136,119
2019.10.17 16:00,27037.9,209,105,104
2019.10.17 16:20,27034.9,218,107,111
2019.10.17 16:30,27090.3,347,180,167
2019.10.17 16:50,27107.3,320,161,159
2019.10.17 17:00,27062.3,250,131,119
2019.10.17 17:25,27110.7,307,159,148
2019.10.17 18:35,26998.7,321,160,161
2019.10.17 18:40,27026.7,230,118,112
2019.10.17 19:20,26965.7,310,153,157
2019.10.17 19:40,26995.3,300,142,158
2019.10.17 20:00,27024.3,223,109,114
2019.10.17 20:25,27014.8,251,122,129
2019.10.17 20:50,27048.3,234,126,108
2019.10.17 21:05,27007.3,284,134,150
2019.10.17 21:25,27046.3,227,123,104
2019.10.17 21:30,27028.3,220,116,104
2019.10.17 22:20,27045.3,220,112,108
2019.10.17 23:45,27027.3,214,111,103
2019.10.18 00:05,27027.3,213,110,103
2019.10.18 01:55,27021.1,224,97,127
2019.10.18 02:00,27025.6,209,103,106
2019.10.18 02:10,27014.6,240,115,125
2019.10.18 02:25,27027.6,206,110,96
2019.10.18 02:45,27012.1,253,119,134
2019.10.18 03:20,27027.6,203,107,96
2019.10.18 03:30,27040.1,196,101,95
2019.10.18 03:50,26999.1,316,152,164
2019.10.18 03:55,27017.1,231,98,133
2019.10.18 04:40,27006.1,288,139,149
2019.10.18 04:55,27003.1,298,137,161
2019.10.18 05:05,27045.6,219,115,104
2019.10.18 05:30,27029.6,192,97,95
2019.10.18 06:05,27013.1,239,111,128
2019.10.18 06:10,27004.1,295,136,159
2019.10.18 06:15,27013.6,228,104,124
2019.10.18 06:40,27000.1,309,154,155
2019.10.18 06:45,26988.1,297,141,156
2019.10.18 07:05,27007.1,276,131,145
2019.10.18 07:20,26995.1,291,135,156
2019.10.18 07:25,27001.1,307,145,162
2019.10.18 07:40,27005.6,278,136,142
2019.10.18 07:45,26997.1,297,140,157
2019.10.18 08:40,26988.1,295,141,154
2019.10.18 09:40,26998.1,290,142,148
2019.10.18 10:00,27001.8,292,137,155
2019.10.18 10:40,26990.8,290,145,145
2019.10.18 11:00,26992.3,290,143,147
2019.10.18 11:05,27002.8,280,129,151
2019.10.18 11:30,26983.8,291,140,151
2019.10.18 11:55,27003.8,268,128,140
2019.10.18 12:00,27013.8,228,105,123
2019.10.18 12:50,27010.8,245,114,131
2019.10.18 13:05,27014.8,221,103,118
2019.10.18 13:15,27028.8,189,98,91
2019.10.18 13:30,27014.3,223,102,121
2019.10.18 14:05,27041.8,193,100,93
2019.10.18 14:10,27029.8,184,95,89
2019.10.18 14:15,27040.8,193,99,94
2019.10.18 15:15,27045.8,220,116,104
2019.10.18 16:05,26989.3,289,138,151
2019.10.18 16:15,27006.8,267,128,139
2019.10.18 16:25,26920.3,282,136,146
2019.10.18 16:40,26968.2,293,135,158
2019.10.18 16:55,27005.2,259,130,129
2019.10.18 17:05,26942.2,260,136,124
2019.10.18 17:10,26976.9,292,143,149
2019.10.18 17:15,26949.9,272,143,129
2019.10.18 19:35,26838.9,484,243,241
2019.10.18 19:40,26811.9,454,238,216
2019.10.18 21:15,26840.9,469,241,228
2019.10.18 21:20,26863.4,401,204,197
2019.10.18 21:45,26807.9,447,225,222
2019.10.18 22:15,26869.4,403,201,202
2019.10.18 22:45,26808.4,451,215,236
2019.10.18 22:50,26834.4,484,257,227
2019.10.18 23:00,26761.3,451,225,226
2019.10.18 23:20,26784.9,399,185,214
2019.10.18 23:30,26803.5,404,206,198
2019.10.21 01:00,26751.3,443,225,218
2019.10.21 01:25,26810.8,450,236,214
2019.10.21 01:40,26809.3,456,227,229
2019.10.21 02:00,26780.8,405,198,207
2019.10.21 02:10,26800.3,383,195,188
2019.10.21 02:35,26811.3,455,231,224
2019.10.21 02:50,26799.3,391,196,195
2019.10.21 03:00,26840.8,465,241,224
2019.10.21 04:10,26856.3,405,188,217
2019.10.21 04:15,26835.3,481,253,228
2019.10.21 04:20,26847.3,424,210,214
2019.10.21 04:55,26836.3,482,249,233
2019.10.21 05:30,26846.8,414,204,210
2019.10.21 05:55,26845.3,422,206,216
2019.10.21 06:15,26845.3,421,205,216
2019.10.21 06:50,26851.3,402,191,211
2019.10.21 06:55,26847.8,412,202,210
2019.10.21 08:15,26827.3,437,217,220
2019.10.21 08:25,26836.3,480,249,231
2019.10.21 09:35,26849.3,410,197,213
2019.10.21 11:25,26826.0,418,210,208
2019.10.21 11:40,26824.5,414,203,211
2019.10.21 11:45,26841.5,437,222,215
2019.10.21 12:45,26839.0,438,216,222
2019.10.21 13:00,26833.0,451,238,213
2019.10.21 13:25,26844.0,421,214,207
2019.10.21 15:20,26823.0,395,187,208
2019.10.21 15:25,26833.0,440,234,206
2019.10.21 15:40,26850.0,399,195,204
2019.10.21 16:05,26820.5,395,190,205
2019.10.21 16:15,26841.0,432,224,208
2019.10.21 16:30,26776.4,425,201,224
2019.10.21 16:50,26763.4,453,226,227
2019.10.21 16:55,26793.4,392,189,203
2019.10.21 17:05,26741.9,404,202,202
2019.10.21 17:10,26792.1,390,187,203
2019.10.21 17:35,26747.1,423,199,224
2019.10.21 17:50,26751.6,449,229,220
2019.10.21 18:10,26815.1,408,214,194
2019.10.21 18:20,26784.1,377,179,198
2019.10.21 18:30,26812.1,424,217,207
2019.10.21 18:35,26772.1,426,213,213
2019.10.21 18:40,26802.1,377,194,183
2019.10.21 18:45,26787.1,381,177,204
2019.10.21 19:10,26801.1,367,194,173
2019.10.21 19:40,26824.8,384,188,196
2019.10.21 19:45,26814.8,408,211,197
2019.10.21 20:30,26799.3,371,187,184
2019.10.21 21:05,26820.3,383,185,198
2019.10.21 22:20,26810.6,420,225,195
2019.10.21 23:00,26820.5,382,187,195
2019.10.21 23:25,26825.6,374,184,190
2019.10.22 00:00,26830.3,394,209,185
2019.10.22 00:10,26833.7,419,228,191
2019.10.22 00:35,26837.4,439,223,216
2019.10.22 01:20,26832.5,399,211,188
2019.10.22 01:55,26825.5,370,184,186
2019.10.22 02:35,26821.5,369,180,189
2019.10.22 02:50,26829.5,393,205,188
2019.10.22 03:35,26885.5,338,152,186
2019.10.22 03:55,26870.5,393,201,192
2019.10.22 05:00,26856.5,392,181,211
2019.10.22 05:10,26874.5,383,186,197
2019.10.22 05:20,26859.5,403,207,196
2019.10.22 07:40,26882.5,364,169,195
2019.10.22 07:45,26876.5,370,189,181
2019.10.22 08:10,26872.5,370,184,186
2019.10.22 08:55,26877.0,365,188,177
2019.10.22 10:00,26848.2,396,190,206
2019.10.22 11:10,26805.2,376,196,180
2019.10.22 11:15,26814.2,395,203,192
2019.10.22 11:35,26790.2,358,173,185
2019.10.22 13:20,26828.2,372,189,183
2019.10.22 13:50,26819.2,379,184,195
2019.10.22 14:10,26864.7,388,201,187
2019.10.22 14:35,26851.7,384,181,203
2019.10.22 15:45,26821.7,353,171,182
2019.10.22 16:20,26883.7,347,165,182
2019.10.22 17:30,26848.0,382,186,196
2019.10.22 17:35,26817.5,363,182,181
2019.10.22 17:55,26871.0,369,193,176
2019.10.22 18:00,26848.0,379,183,196
2019.10.22 18:40,26885.0,334,155,179
2019.10.22 18:55,26845.5,391,189,202
2019.10.22 19:30,26932.0,241,121,120
2019.10.22 19:35,26912.0,314,154,160
2019.10.22 20:05,26901.9,307,145,162
2019.10.22 20:25,26921.4,274,134,140
2019.10.22 20:30,26907.4,313,157,156
2019.10.22 20:40,26929.4,244,120,124
2019.10.22 20:50,26901.4,307,140,167
2019.10.22 21:50,26837.4,418,214,204
2019.10.22 21:55,26872.4,353,178,175
2019.10.22 22:30,26873.4,353,173,180
2019.10.22 23:45,26756.5,460,222,238
2019.10.22 23:50,26777.5,399,195,204
2019.10.22 23:55,26763.5,445,220,225
2019.10.23 00:05,26776.6,408,193,215
2019.10.23 00:10,26773.0,416,204,212
2019.10.23 01:20,26802.3,353,180,173
2019.10.23 02:30,26769.3,417,204,213
2019.10.23 02:45,26785.8,364,164,200
2019.10.23 02:50,26770.3,418,202,216
2019.10.23 02:55,26776.8,392,188,204
2019.10.23 03:10,26700.8,396,201,195
2019.10.23 04:00,26762.3,447,225,222
2019.10.23 04:40,26760.3,441,220,221
2019.10.23 04:55,26720.3,394,199,195
2019.10.23 05:00,26734.3,400,215,185
2019.10.23 05:35,26759.8,449,225,224
2019.10.23 06:15,26722.8,392,196,196
2019.10.23 06:45,26743.3,398,203,195
2019.10.23 07:10,26737.3,389,192,197
2019.10.23 07:45,26757.8,448,221,227
2019.10.23 08:00,26744.3,399,197,202
2019.10.23 08:40,26755.3,439,218,221
2019.10.23 09:30,26751.3,421,210,211
2019.10.23 09:35,26763.8,432,215,217
2019.10.23 09:40,26752.8,434,217,217
2019.10.23 09:50,26769.8,413,203,210
2019.10.23 09:55,26752.8,433,216,217
2019.10.23 10:40,26734.5,387,205,182
2019.10.23 11:20,26774.5,400,194,206
2019.10.23 11:25,26788.5,347,160,187
2019.10.23 11:45,26771.0,402,201,201
2019.10.23 13:10,26784.5,354,164,190
2019.10.23 13:55,26704.5,387,196,191
2019.10.23 14:10,26740.0,380,195,185
2019.10.23 14:30,26629.5,339,168,171
2019.10.23 14:50,26782.0,358,176,182
2019.10.23 15:05,26750.0,406,191,215
2019.10.23 15:35,26808.0,380,187,193
2019.10.23 15:40,26795.0,348,175,173
2019.10.23 16:45,26856.9,353,171,182
2019.10.23 16:55,26814.9,356,181,175
2019.10.23 17:20,26840.8,396,210,186
2019.10.23 18:15,26899.8,310,147,163
2019.10.23 18:35,26844.8,381,195,186
2019.10.23 19:10,26809.3,385,185,200
2019.10.23 19:15,26823.8,321,157,164
2019.10.23 19:25,26791.8,332,156,176
2019.10.23 19:40,26829.8,337,185,152
2019.10.23 20:00,26794.3,345,171,174
2019.10.23 20:05,26815.8,342,175,167
2019.10.23 20:15,26780.3,353,175,178
2019.10.23 20:50,26822.3,324,152,172
2019.10.23 21:45,26765.8,395,194,201
2019.10.23 21:50,26746.3,401,194,207
2019.10.23 21:55,26767.3,389,202,187
2019.10.23 22:00,26753.8,418,206,212
2019.10.23 22:05,26770.8,394,196,198
2019.10.24 00:00,26832.9,356,191,165
2019.10.24 01:20,26861.5,360,187,173
2019.10.24 02:15,26837.5,392,202,190
2019.10.24 02:35,26869.5,351,182,169
2019.10.24 03:15,26831.5,341,180,161
2019.10.24 03:30,26847.0,351,175,176
2019.10.24 04:00,26829.0,337,176,161
2019.10.24 04:20,26831.5,338,177,161
2019.10.24 04:25,26843.5,359,188,171
2019.10.24 04:35,26827.5,322,161,161
2019.10.24 05:00,26855.5,344,159,185
2019.10.24 05:05,26848.0,346,169,177
2019.10.24 05:20,26856.5,345,161,184
2019.10.24 05:45,26837.5,377,194,183
2019.10.24 05:50,26842.5,357,189,168
2019.10.24 08:00,26833.5,352,191,161
2019.10.24 09:50,26852.5,338,161,177
2019.10.24 10:00,26872.2,348,177,171
2019.10.24 10:10,26842.7,343,179,164
2019.10.24 10:25,26893.2,329,151,178
2019.10.24 10:50,26876.7,349,178,171
2019.10.24 11:10,26821.2,317,151,166
2019.10.24 11:15,26856.2,334,155,179
2019.10.24 12:10,26861.2,343,184,159
2019.10.24 12:15,26872.2,339,173,166
2019.10.24 12:55,26857.2,331,163,168
2019.10.24 13:20,26878.7,341,181,160
2019.10.24 13:55,26858.7,325,170,155
2019.10.24 14:35,26889.7,318,150,168
2019.10.24 16:20,26904.2,303,143,160
2019.10.24 17:30,26716.6,400,201,199
2019.10.24 17:40,26776.6,374,179,195
2019.10.24 17:55,26727.6,393,208,185
2019.10.24 18:10,26785.2,338,155,183
2019.10.24 18:15,26760.7,396,198,198
2019.10.24 18:30,26823.2,317,151,166
2019.10.24 18:40,26789.2,322,154,168
2019.10.24 19:00,26819.7,326,157,169
2019.10.24 20:25,26774.1,363,177,186
2019.10.24 20:50,26734.1,376,198,178
2019.10.24 21:20,26762.1,382,188,194
2019.10.24 21:50,26772.1,363,180,183
2019.10.24 22:25,26835.6,357,192,165
2019.10.24 22:45,26806.6,341,174,167
2019.10.24 23:25,26820.7,309,146,163
2019.10.25 00:05,26794.7,330,166,164
2019.10.25 00:40,26810.7,344,180,164
2019.10.25 01:55,26797.0,319,157,162
2019.10.25 02:50,26781.5,330,158,172
2019.10.25 04:00,26807.5,335,166,169
2019.10.25 04:10,26822.5,293,138,155
2019.10.25 05:20,26794.5,321,157,164
2019.10.25 05:35,26809.0,330,156,174
2019.10.25 06:05,26804.5,291,144,147
2019.10.25 06:20,26805.5,295,149,146
2019.10.25 06:50,26802.5,293,146,147
2019.10.25 07:00,26815.0,301,158,143
2019.10.25 07:35,26798.5,302,145,157
2019.10.25 08:30,26806.5,300,149,151
2019.10.25 08:50,26823.5,296,141,155
2019.10.25 09:30,26841.5,347,181,166
2019.10.25 10:15,26830.7,306,166,140
2019.10.25 10:25,26844.2,327,174,153
2019.10.25 11:40,26804.2,282,139,143
2019.10.25 14:40,26814.2,292,153,139
2019.10.25 15:10,26802.2,289,144,145
2019.10.25 16:00,26792.7,307,144,163
2019.10.25 16:10,26760.7,383,191,192
2019.10.25 16:50,26877.6,336,173,163
2019.10.25 17:00,26838.6,329,174,155
2019.10.25 18:25,27019.7,192,80,112
2019.10.25 18:35,26982.7,280,137,143
2019.10.25 18:55,27016.7,202,87,115
2019.10.25 19:05,26970.2,280,141,139
2019.10.25 19:50,27000.7,264,130,134
2019.10.25 20:10,26991.2,270,134,136
2019.10.25 20:15,26980.7,278,132,146
2019.10.25 20:20,26994.7,257,122,135
2019.10.25 20:35,26968.7,291,134,157
2019.10.25 21:05,26945.7,236,119,117
2019.10.25 21:35,26931.2,233,114,119
2019.10.25 22:05,26950.7,259,136,123
2019.10.25 22:30,26963.4,280,149,131
2019.10.25 22:35,26981.9,271,132,139
2019.10.25 23:25,26958.7,270,134,136
2019.10.25 23:30,26947.5,242,120,122
2019.10.25 23:45,26954.5,267,141,126
2019.10.28 01:30,26993.8,257,126,131
2019.10.28 03:00,26983.3,267,127,140
2019.10.28 04:30,27003.3,250,123,127
2019.10.28 04:45,26995.3,234,111,123
2019.10.28 04:50,26985.3,260,120,140
2019.10.28 05:10,27005.3,245,125,120
2019.10.28 05:30,27013.3,222,105,117
2019.10.28 06:00,27001.3,242,116,126
2019.10.28 06:05,27012.3,225,106,119
2019.10.28 06:45,26999.3,246,123,123
2019.10.28 07:25,27010.3,229,109,120
2019.10.28 08:50,26999.3,242,120,122
2019.10.28 08:55,27010.3,223,105,118
2019.10.28 09:25,27007.3,225,110,115
2019.10.28 09:55,27004.3,229,115,114
2019.10.28 10:10,26992.0,238,117,121
2019.10.28 10:50,27027.0,188,101,87
2019.10.28 11:10,27037.0,175,91,84
2019.10.28 13:35,27036.0,177,93,84
2019.10.28 14:25,27051.0,226,122,104
2019.10.28 15:10,27038.0,172,88,84
2019.10.28 15:25,27058.0,248,145,103
2019.10.28 16:05,27077.0,291,157,134
2019.10.28 16:45,27163.4,258,114,144
2019.10.28 17:05,27126.4,268,137,131
2019.10.28 17:10,27145.4,313,156,157
2019.10.28 17:15,27128.4,268,143,125
2019.10.28 17:30,27169.4,252,126,126
2019.10.28 18:20,27055.2,237,129,108
2019.10.28 19:35,27041.2,183,93,90
2019.10.28 20:05,27045.2,192,98,94
2019.10.28 20:10,27033.7,166,84,82
2019.10.28 21:15,27098.2,380,185,195
2019.10.28 21:50,27091.2,338,178,160
2019.10.28 21:55,27107.2,320,161,159
2019.10.28 22:00,27089.2,320,161,159
2019.10.28 22:10,27113.2,301,150,151
2019.10.28 22:20,27093.2,352,179,173
2019.10.28 22:25,27107.2,317,160,157
2019.10.28 23:30,27084.3,323,174,149
2019.10.28 23:55,27085.3,334,183,151
2019.10.29 01:20,27094.6,356,191,165
2019.10.29 01:30,27083.6,314,167,147
2019.10.29 03:05,27122.1,270,139,131
2019.10.29 03:30,27115.1,302,153,149
2019.10.29 03:35,27108.6,299,156,143
2019.10.29 03:50,27127.1,270,142,128
2019.10.29 04:05,27120.1,267,129,138
2019.10.29 04:25,27118.6,281,138,143
2019.10.29 04:35,27103.1,331,172,159
2019.10.29 04:40,27117.1,282,145,137
2019.10.29 05:25,27106.1,304,147,157
2019.10.29 06:25,27097.1,376,184,192
2019.10.29 06:30,27104.1,313,158,155
2019.10.29 07:45,27097.1,371,181,190
2019.10.29 07:55,27105.6,302,147,155
2019.10.29 08:20,27091.1,324,173,151
2019.10.29 09:20,27095.1,345,189,156
2019.10.29 09:25,27099.1,347,167,180
2019.10.29 10:45,27094.8,334,178,156
2019.10.29 13:20,27056.8,221,116,105
2019.10.29 13:25,27045.8,192,99,93
2019.10.29 15:25,27065.8,230,112,118
2019.10.29 15:30,27057.8,211,121,90
2019.10.29 16:05,27046.3,185,96,89
2019.10.29 16:10,27057.8,206,119,87
2019.10.29 16:20,27041.8,172,89,83
2019.10.29 16:50,27109.2,278,143,135
2019.10.29 17:05,27066.2,227,112,115
2019.10.29 17:55,27130.2,266,142,124
2019.10.29 18:05,27150.2,296,141,155
2019.10.29 18:25,27104.2,304,152,152
2019.10.29 19:35,27125.2,257,132,125
2019.10.29 19:40,27111.2,273,145,128
2019.10.29 19:45,27126.7,265,139,126
2019.10.29 20:25,27093.2,313,158,155
2019.10.29 20:55,27113.2,266,137,129
2019.10.29 21:15,27076.2,274,148,126
2019.10.29 21:20,27086.7,317,160,157
2019.10.29 21:25,27074.2,273,149,124
2019.10.29 21:35,27100.0,313,154,159
2019.10.29 22:00,27062.0,203,110,93
2019.10.29 22:25,27090.0,286,150,136
2019.10.29 23:20,27080.8,268,144,124
2019.10.30 01:35,27119.9,259,127,132
2019.10.30 02:15,27098.9,310,156,154
2019.10.30 02:30,27082.9,282,159,123
2019.10.30 02:45,27097.4,317,162,155
2019.10.30 04:00,27076.9,264,140,124
2019.10.30 04:15,27076.4,262,140,122
2019.10.30 04:30,27087.9,295,144,151
2019.10.30 05:05,27064.9,206,99,107
2019.10.30 06:10,27080.9,253,138,115
2019.10.30 06:25,27069.4,224,112,112
2019.10.30 07:05,27064.9,205,98,107
2019.10.30 07:15,27073.4,239,134,105
2019.10.30 10:00,27079.6,243,131,112
2019.10.30 10:30,27071.6,212,111,101
2019.10.30 10:35,27080.1,238,132,106
2019.10.30 10:40,27069.6,209,104,105
2019.10.30 11:05,27096.6,313,159,154
2019.10.30 11:40,27073.1,219,119,100
2019.10.30 11:45,27082.1,260,143,117
2019.10.30 13:25,27082.6,256,143,113
2019.10.30 13:50,27085.6,270,150,120
2019.10.30 14:20,27090.6,270,141,129
2019.10.30 14:35,27100.6,304,151,153
2019.10.30 15:10,27081.1,242,135,107
2019.10.30 15:50,27110.6,261,140,121
2019.10.30 16:05,27108.6,255,136,119
2019.10.30 16:15,27097.6,297,153,144
2019.10.30 18:35,27057.0,190,105,85
2019.10.30 18:45,27030.0,163,80,83
2019.10.30 19:30,27093.0,271,142,129
2019.10.30 19:35,27077.0,211,119,92
2019.10.30 20:05,27098.0,296,155,141
2019.10.30 21:35,27047.9,167,82,85
2019.10.30 22:35,27154.4,286,134,152
2019.10.30 22:40,27176.4,244,122,122
2019.10.30 22:45,27155.9,290,138,152
2019.10.30 23:15,27174.7,241,124,117
2019.10.30 23:40,27225.0,292,148,144
2019.10.30 23:45,27245.0,275,144,131
2019.10.31 02:10,27204.8,300,160,140
2019.10.31 02:15,27210.8,306,154,152
2019.10.31 03:10,27225.8,295,148,147
2019.10.31 03:50,27223.8,292,152,140
2019.10.31 04:20,27192.8,263,128,135
2019.10.31 04:45,27207.8,306,164,142
2019.10.31 06:25,27212.3,293,153,140
2019.10.31 06:35,27199.8,266,136,130
2019.10.31 06:50,27212.8,296,155,141
2019.10.31 06:55,27205.8,287,156,131
2019.10.31 08:00,27205.8,286,155,131
2019.10.31 08:05,27212.8,286,152,134
2019.10.31 08:25,27210.3,289,152,137
2019.10.31 09:00,27190.3,246,126,120
2019.10.31 09:35,27185.8,246,129,117
2019.10.31 11:20,27230.5,274,136,138
2019.10.31 12:25,27119.5,259,126,133
2019.10.31 12:30,27091.0,251,135,116
2019.10.31 12:35,27117.5,259,132,127
2019.10.31 12:45,27066.5,185,89,96
2019.10.31 12:55,27101.5,285,142,143
2019.10.31 13:05,27079.5,206,114,92
2019.10.31 13:50,27118.5,259,129,130
2019.10.31 14:05,27125.5,253,130,123
2019.10.31 14:30,27094.5,257,136,121
2019.10.31 14:45,27089.5,232,125,107
2019.10.31 17:35,26927.4,239,115,124
2019.10.31 18:35,26966.4,279,132,147
2019.10.31 18:40,27016.9,182,76,106
2019.10.31 18:45,26990.9,235,110,125
2019.10.31 18:55,27020.9,171,73,98
2019.10.31 19:05,26958.9,264,129,135
2019.10.31 19:10,26985.9,246,106,140
2019.10.31 19:20,26950.4,246,129,117
2019.10.31 19:25,26982.3,256,125,131
2019.10.31 20:35,26991.3,231,112,119
2019.10.31 21:10,26961.3,254,133,121
2019.10.31 21:45,26912.8,289,135,154
2019.10.31 22:15,26980.3,250,123,127
2019.10.31 23:25,27044.1,155,79,76
2019.10.31 23:40,27057.6,176,99,77
2019.11.01 01:20,27023.9,163,78,85
2019.11.01 01:30,27038.4,154,79,75
2019.11.01 02:05,27030.4,155,78,77
2019.11.01 02:10,27025.9,157,81,76
2019.11.01 02:40,27032.4,148,73,75
2019.11.01 02:45,27026.4,157,81,76
2019.11.01 03:15,27038.4,149,76,73
2019.11.01 03:20,27047.9,155,77,78
2019.11.01 03:25,27033.4,147,70,77
2019.11.01 04:15,27052.4,156,88,68
2019.11.01 05:40,27094.9,256,138,118
2019.11.01 06:10,27095.4,250,133,117
2019.11.01 08:05,27098.4,252,123,129
2019.11.01 09:50,27105.4,225,112,113
2019.11.01 10:40,27075.1,194,109,85
2019.11.01 11:05,27105.1,228,116,112
2019.11.01 11:10,27091.1,229,121,108
2019.11.01 11:15,27110.6,225,122,103
2019.11.01 11:30,27076.1,196,112,84
2019.11.01 12:40,27101.6,236,119,117
2019.11.01 12:50,27086.1,219,118,101
2019.11.01 13:45,27094.1,225,118,107
2019.11.01 13:55,27104.6,225,114,111
2019.11.01 14:25,27071.1,183,96,87
2019.11.01 15:00,27065.1,166,81,85
2019.11.01 15:15,27089.1,207,111,96
2019.11.01 15:25,27065.6,170,83,87
2019.11.01 15:50,27163.1,247,111,136
2019.11.01 15:55,27150.1,279,135,144
2019.11.01 16:30,27205.5,269,138,131
2019.11.01 16:40,27173.5,242,123,119
2019.11.01 17:20,27260.5,277,139,138
2019.11.01 17:40,27305.5,293,138,155
2019.11.01 17:50,27281.5,254,132,122
2019.11.01 19:15,27266.8,266,137,129
2019.11.01 19:35,27308.8,303,152,151
2019.11.01 21:05,27291.4,282,134,148
2019.11.01 21:10,27302.4,291,141,150
2019.11.01 21:30,27310.4,294,145,149
2019.11.01 21:50,27280.4,245,126,119
2019.11.01 22:15,27309.4,298,151,147
2019.11.01 22:40,27335.4,271,139,132
2019.11.01 23:15,27310.0,292,144,148
2019.11.04 01:30,27363.8,287,146,141
2019.11.04 02:00,27361.8,287,144,143
2019.11.04 02:05,27368.3,276,137,139
2019.11.04 02:15,27361.3,288,143,145
2019.11.04 02:55,27353.3,289,157,132
2019.11.04 06:15,27382.3,268,136,132
2019.11.04 07:05,27381.3,261,124,137
2019.11.04 07:35,27379.8,263,128,135
2019.11.04 08:00,27376.8,271,124,147
2019.11.04 08:05,27382.3,259,130,129
2019.11.04 08:10,27376.3,263,119,144
2019.11.04 08:25,27378.3,257,121,136
2019.11.04 08:50,27373.3,259,122,137
2019.11.04 09:05,27368.3,273,134,139
2019.11.04 12:35,27445.5,288,151,137
2019.11.04 13:25,27442.0,277,146,131
2019.11.04 13:30,27454.5,282,134,148
2019.11.04 13:50,27459.0,271,136,135
2019.11.04 14:05,27441.5,267,139,128
2019.11.04 14:30,27450.0,269,135,134
2019.11.04 14:40,27439.5,241,117,124
2019.11.04 16:40,27513.4,351,190,161
2019.11.04 17:10,27484.6,340,180,160
2019.11.04 17:15,27457.6,261,126,135
2019.11.04 17:30,27502.6,355,173,182
2019.11.04 17:35,27474.6,287,151,136
2019.11.04 17:55,27470.6,291,144,147
2019.11.04 18:50,27478.6,312,175,137
2019.11.04 19:00,27427.6,265,125,140
2019.11.04 19:10,27457.6,259,126,133
2019.11.04 19:25,27438.6,238,113,125
2019.11.04 19:40,27430.8,247,118,129
2019.11.04 19:55,27457.3,259,125,134
2019.11.04 20:45,27457.8,256,126,130
2019.11.04 20:50,27446.8,265,140,125
2019.11.04 21:15,27445.8,255,129,126
2019.11.04 21:25,27467.3,286,132,154
2019.11.04 22:15,27405.3,258,136,122
2019.11.04 22:20,27436.9,234,115,119
2019.11.04 23:40,27458.0,247,121,126
2019.11.05 00:00,27446.0,246,124,122
2019.11.05 00:15,27446.1,247,124,123
2019.11.05 01:15,27439.8,232,113,119
2019.11.05 01:20,27444.8,256,131,125
2019.11.05 01:40,27489.8,356,188,168
2019.11.05 01:50,27521.8,350,182,168
2019.11.05 02:05,27491.8,350,180,170
2019.11.05 02:10,27509.3,313,170,143
2019.11.05 03:30,27458.3,248,124,124
2019.11.05 05:05,27510.8,326,179,147
2019.11.05 06:55,27494.8,350,185,165
2019.11.05 07:05,27505.8,310,160,150
2019.11.05 07:45,27484.8,325,176,149
2019.11.05 08:10,27509.8,311,174,137
2019.11.05 09:05,27477.8,290,163,127
2019.11.05 09:10,27498.8,350,173,177
2019.11.05 09:45,27518.3,347,181,166
2019.11.05 10:40,27512.5,328,176,152
2019.11.05 10:50,27496.5,339,179,160
2019.11.05 11:25,27523.0,351,187,164
2019.11.05 11:30,27516.5,348,177,171
2019.11.05 12:40,27518.5,343,178,165
2019.11.05 13:20,27519.0,336,179,157
2019.11.05 13:35,27497.5,344,174,170
2019.11.05 15:05,27519.5,328,175,153
2019.11.05 15:25,27520.5,326,173,153
2019.11.05 16:00,27547.5,374,169,205
2019.11.05 16:10,27512.5,313,166,147
2019.11.05 16:40,27498.9,333,167,166
2019.11.05 16:45,27479.4,300,166,134
2019.11.05 17:00,27558.9,314,158,156
2019.11.05 17:20,27497.6,334,171,163
2019.11.05 17:25,27471.6,270,137,133
2019.11.05 17:35,27502.6,306,151,155
2019.11.05 17:45,27451.6,232,126,106
2019.11.05 18:15,27507.6,279,152,127
2019.11.05 18:20,27485.6,325,174,151
2019.11.05 18:50,27478.6,293,161,132
2019.11.05 19:30,27467.6,266,120,146
2019.11.05 20:15,27533.1,353,186,167
2019.11.05 20:40,27555.1,313,149,164
2019.11.05 21:00,27531.1,335,180,155
2019.11.05 21:25,27539.6,376,197,179
2019.11.05 21:30,27553.1,333,157,176
2019.11.05 21:40,27536.1,367,193,174
2019.11.05 21:55,27552.1,330,164,166
2019.11.05 22:30,27498.0,318,165,153
2019.11.05 22:40,27534.0,356,193,163
2019.11.05 23:45,27482.0,292,147,145
2019.11.06 00:50,27457.9,242,117,125
2019.11.06 01:10,27491.3,300,160,140
2019.11.06 01:15,27484.8,293,151,142
2019.11.06 01:20,27491.3,299,160,139
2019.11.06 01:25,27484.8,292,150,142
2019.11.06 01:35,27497.8,317,166,151
2019.11.06 01:50,27498.8,321,162,159
2019.11.06 02:00,27484.8,291,149,142
2019.11.06 02:05,27495.8,309,169,140
2019.11.06 02:20,27486.8,312,169,143
2019.11.06 02:40,27488.8,308,165,143
2019.11.06 03:30,27474.3,260,138,122
2019.11.06 03:35,27462.8,247,130,117
2019.11.06 03:45,27477.3,269,150,119
2019.11.06 03:55,27465.8,262,131,131
2019.11.06 04:15,27474.8,256,133,123
2019.11.06 05:20,27475.8,259,141,118
2019.11.06 05:30,27467.8,256,117,139
2019.11.06 06:00,27470.8,246,124,122
2019.11.06 06:05,27476.8,261,147,114
2019.11.06 07:05,27484.8,285,149,136
2019.11.06 08:10,27496.8,314,174,140
2019.11.06 08:40,27475.3,247,135,112
2019.11.06 09:10,27465.3,251,127,124
2019.11.06 09:30,27482.8,268,138,130
2019.11.06 10:45,27524.5,315,178,137
2019.11.06 12:35,27493.5,300,171,129
2019.11.06 12:45,27481.0,266,141,125
2019.11.06 13:15,27486.5,287,154,133
2019.11.06 13:30,27502.5,291,145,146
2019.11.06 14:20,27517.0,305,161,144
2019.11.06 14:30,27508.0,272,147,125
2019.11.06 14:40,27518.5,311,164,147
2019.11.06 15:25,27523.5,305,168,137
2019.11.06 15:30,27509.5,270,149,121
2019.11.06 15:40,27534.0,355,193,162
2019.11.06 15:50,27516.5,301,158,143
2019.11.06 15:55,27526.5,324,180,144
2019.11.06 16:35,27446.4,243,122,121
2019.11.06 16:50,27460.9,237,112,125
2019.11.06 17:00,27500.9,297,150,147
2019.11.06 17:05,27485.4,273,144,129
2019.11.06 17:35,27465.5,246,123,123
2019.11.06 18:20,27500.5,296,149,147
2019.11.06 18:25,27488.5,268,144,124
2019.11.06 19:40,27461.2,236,113,123
2019.11.06 20:00,27463.2,236,120,116
2019.11.06 20:30,27481.2,247,131,116
2019.11.06 20:35,27467.2,233,109,124
2019.11.06 20:55,27505.2,266,137,129
2019.11.06 21:20,27469.2,219,103,116
2019.11.06 21:35,27471.2,220,109,111
2019.11.06 22:05,27475.2,215,119,96
2019.11.06 22:20,27496.2,274,157,117
2019.11.06 22:30,27476.3,218,120,98
2019.11.06 22:35,27493.3,264,153,111
2019.11.06 22:45,27472.3,211,108,103
2019.11.06 23:55,27484.8,239,127,112
2019.11.07 02:20,27462.6,229,119,110
2019.11.07 02:25,27441.6,236,115,121
2019.11.07 02:45,27453.6,217,103,114
2019.11.07 02:50,27466.6,226,109,117
2019.11.07 05:50,27443.1,226,113,113
2019.11.07 06:00,27437.1,219,104,115
2019.11.07 07:15,27438.6,216,100,116
2019.11.07 07:20,27444.6,223,113,110
2019.11.07 07:30,27439.1,215,101,114
2019.11.07 07:45,27438.6,215,99,116
2019.11.07 08:35,27454.6,208,100,108
2019.11.07 10:10,27586.3,356,190,166
2019.11.07 10:15,27600.8,357,199,158
2019.11.07 10:25,27577.3,311,166,145
2019.11.07 11:00,27615.8,409,222,187
2019.11.07 11:45,27626.3,406,210,196
2019.11.07 12:10,27611.3,383,210,173
2019.11.07 12:55,27626.3,404,210,194
2019.11.07 13:30,27608.3,366,202,164
2019.11.07 14:50,27604.8,348,191,157
2019.11.07 15:50,27597.3,337,176,161
2019.11.07 16:55,27707.7,544,251,293
2019.11.07 17:05,27675.2,491,260,231
2019.11.07 17:15,27710.6,527,250,277
2019.11.07 18:15,27740.6,516,258,258
2019.11.07 18:25,27719.1,478,249,229
2019.11.07 18:50,27704.1,519,240,279
2019.11.07 19:15,27719.1,473,245,228
2019.11.07 19:55,27757.3,516,236,280
2019.11.07 20:25,27735.3,521,259,262
2019.11.07 20:45,27716.3,482,246,236
2019.11.07 21:20,27753.3,518,257,261
2019.11.07 21:50,27661.8,411,211,200
2019.11.07 22:00,27708.8,529,248,281
2019.11.07 22:20,27637.7,422,222,200
2019.11.07 22:30,27674.7,477,245,232
2019.11.07 22:40,27631.7,401,218,183
2019.11.07 23:25,27691.3,565,282,283
2019.11.07 23:35,27716.9,482,255,227
2019.11.07 23:45,27705.9,532,245,287
2019.11.08 00:05,27713.7,482,247,235
2019.11.08 00:50,27705.1,533,250,283
2019.11.08 01:30,27711.2,500,236,264
2019.11.08 02:10,27741.7,504,243,261
2019.11.08 02:45,27678.7,498,272,226
2019.11.08 03:25,27670.7,443,234,209
2019.11.08 03:30,27655.7,397,211,186
2019.11.08 03:35,27669.7,431,234,197
2019.11.08 04:05,27649.2,379,184,195
2019.11.08 04:10,27660.7,396,204,192
2019.11.08 05:05,27651.7,387,195,192
2019.11.08 05:55,27665.2,384,205,179
2019.11.08 06:15,27654.7,378,199,179
2019.11.08 06:25,27663.2,384,192,192
2019.11.08 07:05,27628.7,398,207,191
2019.11.08 07:45,27636.7,412,207,205
2019.11.08 08:00,27659.7,391,200,191
2019.11.08 08:10,27644.7,383,171,212
2019.11.08 08:15,27652.7,381,197,184
2019.11.08 08:35,27636.7,411,206,205
2019.11.08 09:15,27669.2,416,227,189
2019.11.08 09:20,27658.7,383,198,185
2019.11.08 09:30,27683.7,523,292,231
2019.11.08 09:45,27679.7,499,270,229
2019.11.08 09:50,27666.2,388,205,183
2019.11.08 10:05,27662.4,376,187,189
2019.11.08 10:25,27690.4,556,292,264
2019.11.08 11:25,27663.4,378,188,190
2019.11.08 13:00,27697.4,555,256,299
2019.11.08 13:05,27690.4,549,287,262
2019.11.08 13:10,27702.4,495,232,263
2019.11.08 13:35,27701.4,520,243,277
2019.11.08 13:50,27686.4,507,284,223
2019.11.08 14:05,27704.9,516,241,275
2019.11.08 14:10,27691.4,554,277,277
2019.11.08 14:25,27731.4,489,244,245
2019.11.08 15:15,27711.4,489,232,257
2019.11.08 15:45,27700.4,523,244,279
2019.11.08 15:50,27688.4,532,291,241
2019.11.08 17:35,27603.8,335,180,155
2019.11.08 17:45,27636.8,410,210,200
2019.11.08 18:25,27574.8,323,171,152
2019.11.08 19:10,27637.3,407,211,196
2019.11.08 19:40,27633.8,394,213,181
2019.11.08 20:15,27643.8,388,171,217
2019.11.08 20:25,27626.8,382,198,184
2019.11.08 20:30,27635.8,398,207,191
2019.11.08 20:35,27625.8,385,197,188
2019.11.08 21:00,27618.3,358,194,164
2019.11.08 21:50,27605.8,341,182,159
2019.11.08 22:40,27666.3,379,200,179
2019.11.08 22:45,27645.8,369,164,205
2019.11.08 23:05,27677.7,468,260,208
2019.11.08 23:20,27660.0,368,190,178
2019.11.08 23:25,27655.3,364,188,176
2019.11.11 01:05,27654.7,364,189,175
2019.11.11 01:10,27664.7,360,190,170
2019.11.11 02:35,27638.7,393,195,198
2019.11.11 02:40,27646.7,353,157,196
2019.11.11 03:35,27590.7,335,172,163
2019.11.11 03:50,27612.7,349,186,163
2019.11.11 04:10,27590.2,339,174,165
2019.11.11 04:15,27599.7,324,177,147
2019.11.11 05:20,27603.7,324,176,148
2019.11.11 06:50,27588.7,333,172,161
2019.11.11 07:30,27582.2,313,166,147
2019.11.11 08:50,27533.7,351,185,166
2019.11.11 09:10,27554.2,322,154,168
2019.11.11 09:20,27526.2,322,179,143
2019.11.11 11:10,27556.4,312,153,159
2019.11.11 11:35,27579.4,301,155,146
2019.11.11 12:05,27551.4,335,160,175
2019.11.11 12:10,27560.4,304,157,147
2019.11.11 12:25,27561.4,317,168,149
2019.11.11 12:50,27533.4,345,181,164
2019.11.11 13:05,27554.4,310,151,159
2019.11.11 13:25,27550.4,339,155,184
2019.11.11 13:50,27561.4,316,168,148
2019.11.11 14:55,27550.9,324,150,174
2019.11.11 15:25,27526.4,322,179,143
2019.11.11 15:50,27557.9,298,147,151
2019.11.11 15:55,27547.4,327,152,175
2019.11.11 16:00,27554.4,299,147,152
2019.11.11 16:20,27554.9,291,144,147
2019.11.11 16:30,27500.8,289,144,145
2019.11.11 16:35,27555.8,298,150,148
2019.11.11 16:40,27527.8,323,172,151
2019.11.11 17:00,27592.3,319,163,156
2019.11.11 17:20,27560.8,302,157,145
2019.11.11 17:25,27578.8,292,153,139
2019.11.11 17:35,27553.8,297,146,151
2019.11.11 17:55,27551.8,301,150,151
2019.11.11 19:45,27699.1,522,246,276
2019.11.11 19:50,27682.1,494,278,216
2019.11.11 20:15,27682.1,493,277,216
2019.11.11 20:20,27697.1,535,248,287
2019.11.11 20:25,27680.1,481,259,222
2019.11.11 20:55,27710.1,497,236,261
2019.11.11 21:00,27696.6,539,249,290
2019.11.11 21:05,27713.1,469,238,231
2019.11.11 21:50,27683.1,507,290,217
2019.11.11 22:05,27703.1,486,231,255
2019.11.11 22:50,27664.0,357,186,171
2019.11.11 23:25,27693.4,527,257,270
2019.11.11 23:30,27699.1,504,241,263
2019.11.12 00:40,27691.4,519,259,260
2019.11.12 01:30,27672.4,423,231,192
2019.11.12 01:40,27689.9,515,274,241
2019.11.12 03:45,27655.4,353,183,170
2019.11.12 03:50,27665.9,359,190,169
2019.11.12 04:30,27664.9,342,183,159
2019.11.12 05:05,27647.9,356,164,192
2019.11.12 05:25,27664.9,341,183,158
2019.11.12 05:35,27656.9,346,181,165
2019.11.12 07:05,27668.9,374,202,172
2019.11.12 07:20,27696.4,519,246,273
2019.11.12 07:55,27734.4,520,258,262
2019.11.12 09:15,27742.4,494,239,255
2019.11.12 09:30,27722.9,466,246,220
2019.11.12 09:40,27741.9,495,242,253
2019.11.12 10:00,27717.1,467,240,227
2019.11.12 10:10,27737.1,495,244,251
2019.11.12 11:10,27698.1,510,238,272
2019.11.12 11:35,27712.6,471,232,239
2019.11.12 12:15,27710.6,484,230,254
2019.11.12 12:20,27725.6,464,246,218
2019.11.12 12:55,27713.1,454,228,226
2019.11.12 13:05,27733.6,491,240,251
2019.11.12 13:45,27721.6,444,235,209
2019.11.12 14:10,27702.6,470,221,249
2019.11.12 14:20,27721.6,443,235,208
2019.11.12 14:25,27713.1,450,225,225
2019.11.12 15:10,27704.6,483,222,261
2019.11.12 15:20,27721.1,441,238,203
2019.11.12 15:50,27709.6,484,232,252
2019.11.12 15:55,27699.6,492,234,258
2019.11.12 17:25,27766.8,503,255,248
2019.11.12 17:35,27745.8,496,243,253
2019.11.12 19:10,27743.8,483,244,239
2019.11.12 20:55,27743.0,481,245,236
2019.11.12 21:25,27677.0,436,242,194
2019.11.12 21:35,27702.0,466,221,245
2019.11.12 21:55,27635.5,393,206,187
2019.11.12 22:15,27654.5,345,177,168
2019.11.12 22:30,27689.9,498,266,232
2019.11.12 23:05,27680.8,458,249,209
2019.11.12 23:10,27702.8,460,214,246
2019.11.13 00:30,27672.0,392,213,179
2019.11.13 00:45,27680.7,456,247,209
2019.11.13 00:50,27679.3,443,242,201
2019.11.13 01:40,27676.8,417,231,186
2019.11.13 02:30,27662.3,331,168,163
2019.11.13 02:45,27644.8,359,162,197
2019.11.13 03:05,27669.3,365,199,166
2019.11.13 03:40,27652.8,341,171,170
2019.11.13 04:15,27637.8,394,204,190
2019.11.13 04:35,27624.3,371,186,185
2019.11.13 05:20,27645.3,357,160,197
2019.11.13 05:35,27641.3,377,190,187
2019.11.13 06:00,27632.3,359,196,163
2019.11.13 06:40,27628.3,363,188,175
2019.11.13 08:35,27640.3,376,182,194
2019.11.13 09:00,27647.3,343,158,185
2019.11.13 09:15,27648.3,345,163,182
2019.11.13 10:50,27646.0,337,150,187
2019.11.13 11:40,27561.0,292,155,137
2019.11.13 12:25,27597.5,308,161,147
2019.11.13 12:35,27585.0,307,162,145
2019.11.13 12:50,27590.0,315,164,151
2019.11.13 13:20,27581.5,293,151,142
2019.11.13 14:00,27596.0,301,156,145
2019.11.13 15:15,27602.0,313,173,140
2019.11.13 16:35,27677.4,420,234,186
2019.11.13 16:50,27608.4,315,175,140
2019.11.13 17:10,27665.4,332,180,152
2019.11.13 17:50,27711.4,447,208,239
2019.11.13 18:10,27678.4,426,239,187
2019.11.13 18:30,27677.7,417,235,182
2019.11.13 19:45,27740.0,472,238,234
2019.11.13 20:10,27752.0,483,236,247
2019.11.13 20:25,27748.0,496,228,268
2019.11.13 20:50,27806.5,577,289,288
2019.11.13 21:10,27702.0,455,216,239
2019.11.13 22:20,27803.9,580,301,279
2019.11.13 22:45,27803.9,580,301,279
2019.11.13 23:05,27767.3,491,241,250
2019.11.14 01:05,27784.8,500,264,236
2019.11.14 01:10,27791.8,509,267,242
2019.11.14 02:40,27761.3,466,217,249
2019.11.14 02:55,27761.8,472,224,248
2019.11.14 04:10,27805.8,583,300,283
2019.11.14 04:25,27804.8,569,293,276
2019.11.14 04:40,27739.8,468,237,231
2019.11.14 05:15,27778.3,523,271,252
2019.11.14 05:35,27780.8,514,271,243
2019.11.14 06:35,27774.8,514,286,228
2019.11.14 06:45,27763.8,456,225,231
2019.11.14 07:15,27776.3,513,272,241
2019.11.14 07:40,27795.8,524,263,261
2019.11.14 08:10,27763.3,460,223,237
2019.11.14 08:15,27777.8,514,263,251
2019.11.14 08:55,27750.8,483,234,249
2019.11.14 09:00,27773.3,486,270,216
2019.11.14 09:05,27753.8,487,239,248
2019.11.14 10:05,27782.5,487,264,223
2019.11.14 10:35,27738.5,477,241,236
2019.11.14 11:10,27730.5,444,224,220
2019.11.14 12:05,27806.5,573,287,286
2019.11.14 13:20,27740.5,460,230,230
2019.11.14 14:50,27749.5,472,224,248
2019.11.14 15:40,27733.5,468,229,239
2019.11.14 16:10,27763.0,438,208,230
2019.11.14 16:45,27745.9,462,219,243
2019.11.14 17:15,27792.9,506,270,236
2019.11.14 17:45,27748.1,468,215,253
2019.11.14 17:50,27765.1,428,213,215
2019.11.14 18:00,27736.0,461,219,242
2019.11.14 19:15,27706.0,463,210,253
2019.11.14 21:25,27741.9,443,208,235
2019.11.14 22:05,27773.9,468,266,202
2019.11.14 22:15,27755.9,439,213,226
2019.11.14 22:50,27791.6,492,258,234
2019.11.14 23:25,27765.2,417,209,208
2019.11.14 23:50,27783.5,460,251,209
2019.11.15 01:55,27791.3,485,251,234
2019.11.15 02:20,27775.3,469,258,211
2019.11.15 03:15,27878.8,582,298,284
2019.11.15 03:30,27856.8,509,253,256
2019.11.15 03:40,27874.3,598,321,277
2019.11.15 04:10,27866.3,538,280,258
2019.11.15 04:15,27855.3,506,247,259
2019.11.15 04:45,27875.3,596,307,289
2019.11.15 04:50,27868.8,562,298,264
2019.11.15 05:40,27863.3,504,263,241
2019.11.15 06:05,27873.3,575,308,267
2019.11.15 07:35,27874.3,590,319,271
2019.11.15 07:40,27865.8,522,264,258
2019.11.15 08:00,27865.3,519,261,258
2019.11.15 08:40,27869.3,535,294,241
2019.11.15 09:25,27859.3,505,231,274
2019.11.15 09:30,27867.3,530,284,246
2019.11.15 09:35,27860.3,504,244,260
2019.11.15 09:40,27869.3,531,293,238
2019.11.15 10:15,27839.0,523,246,277
2019.11.15 10:45,27837.0,546,252,294
2019.11.15 12:40,27833.5,555,277,278
2019.11.15 12:45,27850.0,514,249,265
2019.11.15 13:30,27832.0,546,276,270
2019.11.15 14:25,27850.0,511,246,265
2019.11.15 14:40,27869.0,530,289,241
2019.11.15 16:35,27860.4,487,238,249
2019.11.15 17:35,27883.4,575,290,285
2019.11.15 18:05,27942.4,581,285,296
2019.11.15 18:15,27916.9,501,246,255
2019.11.15 18:30,27953.9,553,252,301
2019.11.15 19:05,27942.9,574,282,292
2019.11.15 21:30,27930.4,523,271,252
2019.11.15 22:40,27946.1,565,291,274
2019.11.15 23:25,27974.1,412,215,197
2019.11.15 23:35,27996.2,394,197,197
2019.11.15 23:40,27985.2,450,230,220
2019.11.15 23:50,27997.2,385,187,198
2019.11.18 01:10,27976.0,418,225,193
2019.11.18 01:15,27968.0,404,201,203
2019.11.18 01:20,27978.0,430,223,207
2019.11.18 02:05,27973.0,412,217,195
2019.11.18 02:15,27956.5,511,230,281
2019.11.18 02:20,27966.0,401,196,205
2019.11.18 02:25,27955.5,523,236,287
2019.11.18 02:35,27966.5,397,194,203
2019.11.18 02:45,27956.0,519,236,283
2019.11.18 03:00,27971.5,398,199,199
2019.11.18 03:20,27972.0,405,204,201
2019.11.18 04:30,27972.0,403,202,201
2019.11.18 04:45,27975.5,398,209,189
2019.11.18 06:15,27976.0,410,218,192
2019.11.18 06:40,27973.0,409,214,195
2019.11.18 07:05,27984.0,431,227,204
2019.11.18 08:00,27997.0,379,189,190
2019.11.18 08:05,27988.0,426,200,226
2019.11.18 08:45,28001.0,360,169,191
2019.11.18 09:40,28048.0,410,196,214
2019.11.18 10:35,28043.2,405,192,213
2019.11.18 11:20,28051.2,396,194,202
2019.11.18 11:50,28051.7,396,199,197
2019.11.18 11:55,28042.7,403,189,214
2019.11.18 12:05,28054.7,417,204,213
2019.11.18 12:30,28055.7,423,217,206
2019.11.18 13:45,28063.2,400,203,197
2019.11.18 14:00,28051.2,383,190,193
2019.11.18 14:10,28064.7,391,207,184
2019.11.18 14:15,28059.7,407,196,211
2019.11.18 14:45,28076.2,460,244,216
2019.11.18 14:50,28070.7,409,212,197
2019.11.18 14:55,28075.7,454,240,214
2019.11.18 15:50,27997.2,373,183,190
2019.11.18 15:55,27988.2,420,195,225
2019.11.18 16:00,27998.7,359,167,192
2019.11.18 16:10,27975.7,388,203,185
2019.11.18 16:15,27987.7,426,205,221
2019.11.18 16:45,27971.6,395,196,199
2019.11.18 17:35,27974.2,392,205,187
2019.11.18 17:50,28021.2,396,202,194
2019.11.18 18:05,27979.2,402,208,194
2019.11.18 19:30,27997.2,357,176,181
2019.11.18 19:40,28022.5,394,199,195
2019.11.18 19:45,28015.0,365,185,180
2019.11.18 20:20,28026.5,379,180,199
2019.11.18 20:30,28011.5,357,187,170
2019.11.18 21:25,28029.5,381,198,183
2019.11.18 21:45,28029.0,371,192,179
2019.11.18 21:50,28036.5,388,189,199
2019.11.18 23:35,28048.2,388,188,200
2019.11.18 23:45,28039.2,373,170,203
2019.11.18 23:55,28048.2,388,188,200
2019.11.19 00:10,28038.3,370,168,202
2019.11.19 00:40,28037.9,370,167,203
2019.11.19 02:45,27989.0,404,197,207
2019.11.19 03:05,27991.0,385,189,196
2019.11.19 03:55,28051.5,389,197,192
2019.11.19 05:00,28048.0,382,181,201
2019.11.19 05:25,28057.0,411,218,193
2019.11.19 05:45,28056.0,409,212,197
2019.11.19 07:35,28049.5,365,173,192
2019.11.19 07:40,28055.5,406,207,199
2019.11.19 07:45,28047.0,376,175,201
2019.11.19 07:55,28072.0,413,216,197
2019.11.19 08:05,28061.0,393,186,207
2019.11.19 08:35,28084.0,486,253,233
2019.11.19 08:45,28076.0,459,240,219
2019.11.19 09:05,28070.0,392,206,186
2019.11.19 09:15,28087.0,473,244,229
2019.11.19 09:25,28073.0,418,218,200
2019.11.19 09:55,28066.5,379,193,186
2019.11.19 10:40,28120.7,436,214,222
2019.11.19 10:50,28090.7,464,248,216
2019.11.19 11:10,28097.7,473,219,254
2019.11.19 11:20,28120.7,434,214,220
2019.11.19 11:25,28108.2,407,196,211
2019.11.19 11:55,28158.7,392,192,200
2019.11.19 12:05,28140.2,431,197,234
2019.11.19 12:25,28146.2,426,209,217
2019.11.19 13:05,28067.7,379,193,186
2019.11.19 13:30,28100.7,443,212,231
2019.11.19 14:10,28070.7,396,204,192
2019.11.19 14:45,28073.7,412,213,199
2019.11.19 14:55,28089.7,461,244,217
2019.11.19 15:00,28082.7,473,243,230
2019.11.19 16:00,28084.7,470,245,225
2019.11.19 16:10,28070.7,392,200,192
2019.11.19 16:20,28089.7,457,243,214
2019.11.19 17:20,27994.8,363,182,181
2019.11.19 17:55,27903.3,495,251,244
2019.11.19 18:00,27928.8,501,254,247
2019.11.19 19:05,27885.3,570,283,287
2019.11.19 19:55,27947.0,556,282,274
2019.11.19 20:35,27930.5,510,265,245
2019.11.19 21:15,27942.5,557,275,282
2019.11.19 21:25,27963.5,411,192,219
2019.11.19 21:40,27946.5,546,282,264
2019.11.19 21:45,27959.5,444,202,242
2019.11.19 21:55,27930.5,508,263,245
2019.11.19 22:15,27959.5,443,202,241
2019.11.19 23:25,27912.1,483,239,244
2019.11.19 23:30,27928.0,485,249,236
2019.11.20 00:25,27907.6,498,223,275
2019.11.20 01:15,27890.8,541,269,272
2019.11.20 01:25,27868.8,522,278,244
2019.11.20 01:40,27894.8,510,244,266
2019.11.20 02:20,27905.8,498,242,256
2019.11.20 03:35,27866.3,498,262,236
2019.11.20 04:00,27839.3,506,239,267
2019.11.20 04:30,27875.8,564,287,277
2019.11.20 04:40,27845.3,498,247,251
2019.11.20 04:50,27870.8,539,309,230
2019.11.20 05:20,27859.8,469,219,250
2019.11.20 05:55,27861.8,468,235,233
2019.11.20 06:05,27876.8,560,280,280
2019.11.20 06:15,27867.3,501,271,230
2019.11.20 06:45,27886.8,556,277,279
2019.11.20 06:50,27880.8,567,286,281
2019.11.20 07:30,27873.8,546,297,249
2019.11.20 07:35,27883.3,554,277,277
2019.11.20 07:40,27874.8,555,297,258
2019.11.20 07:55,27889.8,534,260,274
2019.11.20 08:40,27865.8,479,244,235
2019.11.20 09:30,27900.8,468,218,250
2019.11.20 10:20,27811.5,587,307,280
2019.11.20 12:15,27798.5,527,264,263
2019.11.20 14:00,27847.5,485,241,244
2019.11.20 14:05,27833.5,539,269,270
2019.11.20 14:10,27855.5,465,226,239
2019.11.20 14:45,27849.0,489,244,245
2019.11.20 15:00,27828.0,542,268,274
2019.11.20 15:30,27856.5,460,226,234
2019.11.20 17:00,27882.9,540,277,263
2019.11.20 17:35,27870.9,508,291,217
2019.11.20 18:30,27827.9,537,266,271
2019.11.20 18:35,27851.9,454,218,236
2019.11.20 18:45,27824.4,561,281,280
2019.11.20 18:55,27851.9,453,218,235
2019.11.20 19:00,27830.9,521,248,273
2019.11.20 19:30,27848.9,459,229,230
2019.11.20 20:15,27675.0,398,217,181
2019.11.20 20:25,27718.0,383,197,186
2019.11.20 20:30,27678.0,415,231,184
2019.11.20 21:05,27714.5,404,205,199
2019.11.20 21:40,27810.5,571,290,281
2019.11.20 22:10,27812.5,567,291,276
2019.11.20 22:45,27819.3,580,271,309
2019.11.20 23:20,27814.6,579,293,286
2019.11.20 23:25,27807.0,550,268,282
2019.11.20 23:30,27827.6,534,263,271
2019.11.21 00:55,27781.3,445,241,204
2019.11.21 01:00,27690.9,472,241,231
2019.11.21 01:40,27784.4,444,238,206
2019.11.21 02:10,27754.4,425,213,212
2019.11.21 02:15,27773.4,439,245,194
2019.11.21 03:25,27698.4,464,218,246
2019.11.21 03:30,27717.4,381,197,184
2019.11.21 03:50,27673.4,384,207,177
2019.11.21 04:30,27810.9,556,287,269
2019.11.21 04:45,27747.4,426,197,229
2019.11.21 05:15,27743.4,427,209,218
2019.11.21 05:45,27778.4,453,239,214
2019.11.21 06:55,27749.4,413,189,224
2019.11.21 07:50,27773.4,429,239,190
2019.11.21 08:10,27772.4,418,234,184
2019.11.21 09:00,27766.4,392,200,192
2019.11.21 09:15,27798.4,510,253,257
2019.11.21 10:25,27767.1,384,195,189
2019.11.21 10:35,27727.1,417,220,197
2019.11.21 11:10,27793.1,483,262,221
2019.11.21 11:45,27788.6,440,236,204
2019.11.21 12:20,27852.1,449,218,231
2019.11.21 12:45,27821.1,573,273,300
2019.11.21 13:20,27808.1,538,267,271
2019.11.21 13:30,27797.6,494,245,249
2019.11.21 13:50,27826.6,530,268,262
2019.11.21 15:00,27804.1,527,277,250
2019.11.21 16:20,27841.6,449,222,227
2019.11.21 16:40,27754.5,398,192,206
2019.11.21 17:20,27720.5,388,205,183
2019.11.21 17:25,27750.5,400,187,213
2019.11.21 17:45,27748.5,419,189,230
2019.11.21 18:25,27761.0,361,166,195
2019.11.21 18:35,27719.5,370,195,175
2019.11.21 18:45,27749.5,401,184,217
2019.11.21 18:50,27727.5,409,215,194
2019.11.21 19:40,27813.5,553,293,260
2019.11.21 19:50,27791.5,448,240,208
2019.11.21 20:30,27808.5,526,261,265
2019.11.21 20:50,27805.0,518,269,249
2019.11.21 21:00,27773.5,403,228,175
2019.11.21 21:20,27815.5,562,279,283
2019.11.21 21:25,27800.5,499,260,239
2019.11.21 22:05,27793.0,460,250,210
2019.11.21 22:10,27805.5,510,267,243
2019.11.21 22:50,27734.0,432,206,226
2019.11.21 22:55,27770.0,382,214,168
2019.11.21 23:00,27744.4,399,192,207
2019.11.21 23:10,27780.9,408,226,182
2019.11.21 23:15,27762.0,359,165,194
2019.11.21 23:40,27776.5,405,221,184
2019.11.21 23:45,27765.5,363,184,179
2019.11.22 00:10,27762.5,357,169,188
2019.11.22 00:25,27763.9,353,172,181
2019.11.22 00:40,27753.1,384,184,200
2019.11.22 02:15,27770.3,365,204,161
2019.11.22 02:20,27759.3,361,168,193
2019.11.22 02:55,27780.3,409,222,187
2019.11.22 03:30,27816.8,553,262,291
2019.11.22 03:35,27801.8,492,266,226
2019.11.22 03:40,27811.8,530,284,246
2019.11.22 05:05,27791.8,440,235,205
2019.11.22 05:10,27798.3,461,225,236
2019.11.22 05:15,27792.3,449,243,206
2019.11.22 05:25,27805.8,506,265,241
2019.11.22 05:30,27800.3,477,246,231
2019.11.22 06:10,27798.8,466,235,231
2019.11.22 06:40,27795.3,464,236,228
2019.11.22 07:05,27810.8,517,270,247
2019.11.22 07:10,27803.3,476,256,220
2019.11.22 07:25,27817.3,554,262,292
2019.11.22 08:20,27787.3,404,225,179
2019.11.22 09:40,27789.3,417,219,198
2019.11.22 09:45,27797.8,443,218,225
2019.11.22 11:20,27805.0,477,250,227
2019.11.22 11:25,27821.0,557,266,291
2019.11.22 12:00,27826.0,517,256,261
2019.11.22 12:25,27830.5,512,245,267
2019.11.22 12:55,27821.0,548,262,286
2019.11.22 13:15,27778.0,401,215,186
2019.11.22 14:10,27826.0,515,256,259
2019.11.22 14:35,27813.0,513,266,247
2019.11.22 15:25,27803.0,464,253,211
2019.11.22 15:30,27825.0,525,274,251
2019.11.22 15:55,27836.0,498,238,260
2019.11.22 16:30,27793.4,432,233,199
2019.11.22 16:35,27830.9,496,240,256
2019.11.22 17:35,27811.4,490,257,233
2019.11.22 17:40,27834.5,496,247,249
2019.11.22 18:05,27772.5,384,218,166
2019.11.22 18:50,27847.0,444,222,222
2019.11.22 19:10,27846.5,432,219,213
2019.11.22 19:15,27822.5,508,248,260
2019.11.22 20:20,27863.7,443,233,210
2019.11.22 20:35,27865.7,456,238,218
2019.11.22 20:40,27854.7,422,201,221
2019.11.22 20:45,27868.7,479,261,218
2019.11.22 20:50,27848.7,432,222,210
2019.11.22 20:55,27867.7,476,258,218
2019.11.22 21:20,27883.7,550,278,272
2019.11.22 21:35,27895.7,493,239,254
2019.11.22 22:05,27865.7,451,236,215
2019.11.22 22:20,27879.9,533,271,262
2019.11.22 22:50,27834.9,483,238,245
2019.11.22 23:25,27873.8,515,282,233
2019.11.22 23:45,27888.5,553,271,282
2019.11.22 23:50,27878.5,523,274,249
2019.11.25 01:10,27925.3,472,243,229
2019.11.25 02:05,27956.8,492,226,266
2019.11.25 02:50,27946.3,530,271,259
2019.11.25 03:20,27972.3,396,200,196
2019.11.25 03:55,27971.3,392,198,194
2019.11.25 04:05,27960.3,438,205,233
2019.11.25 04:25,27973.3,393,202,191
2019.11.25 04:50,27958.3,469,208,261
2019.11.25 05:45,27956.3,492,222,270
2019.11.25 06:05,27964.3,391,183,208
2019.11.25 06:50,27951.3,523,253,270
2019.11.25 06:55,27946.3,529,270,259
2019.11.25 07:05,27954.8,510,234,276
2019.11.25 07:15,27941.3,541,282,259
2019.11.25 08:10,27968.8,386,196,190
2019.11.25 08:40,27953.3,504,234,270
2019.11.25 08:55,27964.3,383,181,202
2019.11.25 09:40,27953.3,501,232,269
2019.11.25 09:45,27960.3,415,192,223
2019.11.25 09:55,27950.8,515,254,261
2019.11.25 10:25,27947.0,524,264,260
2019.11.25 12:15,27962.0,395,190,205
2019.11.25 13:00,27957.5,440,192,248
2019.11.25 13:05,27963.0,388,185,203
2019.11.25 13:30,27946.0,528,273,255
2019.11.25 14:00,27963.0,387,185,202
2019.11.25 14:35,27945.0,520,269,251
2019.11.25 15:10,27939.0,550,276,274
2019.11.25 15:20,27958.0,423,191,232
2019.11.25 15:25,27947.0,511,253,258
2019.11.25 17:10,28016.6,345,166,179
2019.11.25 18:25,28001.6,331,153,178
2019.11.25 18:50,28004.6,326,160,166
2019.11.25 19:35,28002.6,324,156,168
2019.11.25 20:20,28023.6,354,179,175
2019.11.25 20:35,28007.6,325,167,158
2019.11.25 20:40,28016.1,335,163,172
2019.11.25 20:45,28006.1,314,152,162
2019.11.25 21:05,28005.6,315,152,163
2019.11.25 21:15,28020.6,357,183,174
2019.11.25 21:20,28012.6,331,165,166
2019.11.25 22:30,28055.6,401,204,197
2019.11.25 23:05,28046.5,368,184,184
2019.11.25 23:50,28062.7,369,185,184
2019.11.26 00:45,28053.1,368,179,189
2019.11.26 05:00,28079.0,426,228,198
2019.11.26 05:50,28071.5,386,193,193
2019.11.26 06:00,28082.5,454,240,214
2019.11.26 06:15,28073.5,398,206,192
2019.11.26 06:50,28078.5,416,224,192
2019.11.26 09:00,28074.5,385,206,179
2019.11.26 09:05,28068.5,381,195,186
2019.11.26 09:35,28085.0,444,235,209
2019.11.26 09:45,28074.0,380,199,181
2019.11.26 09:50,28079.5,417,234,183
2019.11.26 10:20,28080.2,416,234,182
2019.11.26 10:25,28055.2,381,191,190
2019.11.26 10:50,28048.2,354,168,186
2019.11.26 11:15,28022.2,350,177,173
2019.11.26 12:00,28052.7,360,177,183
2019.11.26 12:15,28038.2,355,159,196
2019.11.26 13:20,28059.2,366,187,179
2019.11.26 13:25,28053.7,359,174,185
2019.11.26 14:00,28054.2,358,171,187
2019.11.26 14:40,28081.2,427,235,192
2019.11.26 14:45,28073.2,374,195,179
2019.11.26 15:40,28095.2,445,224,221
2019.11.26 16:40,28051.1,336,163,173
2019.11.26 17:00,28110.6,402,211,191
2019.11.26 17:05,28081.6,420,227,193
2019.11.26 17:10,28103.7,420,202,218
2019.11.26 17:15,28088.7,418,219,199
2019.11.26 17:25,28106.7,396,188,208
2019.11.26 18:15,28108.7,405,197,208
2019.11.26 19:50,28111.1,408,213,195
2019.11.26 20:20,28109.6,402,201,201
2019.11.26 21:15,28105.6,396,190,206
2019.11.26 21:30,28105.6,395,190,205
2019.11.26 22:10,28084.6,424,219,205
2019.11.26 22:15,28095.6,414,201,213
2019.11.26 23:00,28110.4,401,210,191
2019.11.26 23:25,28142.1,423,195,228
2019.11.26 23:30,28156.5,404,200,204
2019.11.26 23:45,28146.5,409,203,206
2019.11.27 00:25,28137.1,413,192,221
2019.11.27 00:35,28145.2,409,205,204
2019.11.27 00:40,28142.4,414,195,219
2019.11.27 01:25,28141.8,419,189,230
2019.11.27 02:25,28155.8,394,201,193
2019.11.27 03:35,28125.3,404,197,207
2019.11.27 06:35,28159.3,383,191,192
2019.11.27 09:55,28171.3,380,207,173
2019.11.27 11:30,28192.0,505,267,238
2019.11.27 11:55,28189.0,500,269,231
2019.11.27 12:00,28183.5,437,241,196
2019.11.27 12:25,28174.5,379,206,173
2019.11.27 12:40,28184.0,440,243,197
2019.11.27 13:35,28166.0,380,193,187
2019.11.27 15:15,28157.0,374,197,177
2019.11.27 15:25,28139.0,391,180,211
2019.11.27 16:00,28138.0,385,176,209
2019.11.27 16:15,28151.5,372,185,187
2019.11.27 16:45,28118.4,409,204,205
2019.11.27 17:15,28077.9,383,204,179
2019.11.27 18:45,28128.2,380,191,189
2019.11.27 19:00,28112.7,384,203,181
2019.11.27 19:25,28127.7,387,191,196
2019.11.27 19:30,28117.7,401,205,196
2019.11.27 19:40,28127.7,386,191,195
2019.11.27 19:45,28118.7,398,195,203
2019.11.27 20:30,28157.4,369,191,178
2019.11.27 20:40,28172.9,373,204,169
2019.11.27 21:00,28159.4,365,183,182
2019.11.27 21:15,28157.4,368,190,178
2019.11.27 21:25,28171.9,373,202,171
2019.11.27 21:30,28161.4,370,197,173
2019.11.27 21:45,28171.4,377,209,168
2019.11.27 22:10,28171.4,376,209,167
2019.11.27 22:45,28149.6,362,183,179
2019.11.27 22:55,28172.6,372,204,168
2019.11.27 23:55,28160.4,360,180,180
2019.11.28 01:25,28087.7,395,196,199
2019.11.28 02:20,28095.7,405,196,209
2019.11.28 02:30,28069.2,366,185,181
2019.11.28 02:45,28065.2,356,192,164
2019.11.28 02:55,28080.2,385,216,169
2019.11.28 03:00,28071.7,357,175,182
2019.11.28 03:25,28050.7,335,163,172
2019.11.28 04:30,28080.2,377,209,168
2019.11.28 05:45,28086.2,395,206,189
2019.11.28 08:05,28055.2,359,176,183
2019.11.28 10:05,28060.9,359,170,189
2019.11.28 10:10,28069.9,343,176,167
2019.11.28 12:20,28050.9,332,159,173
2019.11.28 12:35,28062.4,344,173,171
2019.11.28 12:40,28052.4,337,162,175
2019.11.28 13:15,28074.9,328,174,154
2019.11.28 13:50,28084.9,395,207,188
2019.11.28 13:55,28074.9,325,171,154
2019.11.28 14:05,28089.9,388,211,177
2019.11.28 14:10,28077.9,347,186,161
2019.11.28 14:25,28085.9,395,207,188
2019.11.28 14:30,28080.9,368,197,171
2019.11.28 14:55,28092.9,394,202,192
2019.11.28 16:15,28071.9,334,165,169
2019.11.28 16:35,28080.3,356,193,163
2019.11.28 16:40,28086.8,381,194,187
2019.11.28 16:45,28080.3,356,193,163
2019.11.28 16:55,28094.3,394,200,194
2019.11.28 17:20,28083.3,378,195,183
2019.11.28 17:25,28088.3,369,194,175
2019.11.28 17:55,28103.3,375,182,193
2019.11.28 18:00,28095.3,396,195,201
2019.11.28 18:05,28101.3,383,185,198
2019.11.28 18:10,28095.3,395,194,201
2019.11.28 18:30,28118.3,393,196,197
2019.11.28 19:10,28124.3,392,196,196
2019.11.28 20:00,28097.2,402,189,213
2019.11.28 20:50,28106.7,363,174,189
2019.11.28 21:15,28108.5,363,181,182
2019.11.28 22:50,28125.3,387,190,197
2019.11.29 00:25,28108.4,359,179,180
2019.11.29 00:30,28108.6,360,179,181
2019.11.29 01:15,28114.2,375,200,175
2019.11.29 01:20,28107.7,361,177,184
2019.11.29 01:25,28114.2,374,200,174
2019.11.29 01:30,28109.7,367,185,182
2019.11.29 01:40,28120.2,394,190,204
2019.11.29 02:15,28106.7,362,173,189
2019.11.29 02:20,28116.7,380,202,178
2019.11.29 02:25,28110.2,364,191,173
2019.11.29 04:45,28088.2,362,192,170
2019.11.29 06:20,28074.2,318,166,152
2019.11.29 06:50,28071.7,326,162,164
2019.11.29 07:00,28067.2,331,170,161
2019.11.29 07:05,28072.2,325,163,162
2019.11.29 07:25,28055.2,339,165,174
2019.11.29 07:55,28063.2,338,172,166
2019.11.29 08:10,28050.2,332,154,178
2019.11.29 08:55,28062.7,331,166,165
2019.11.29 10:15,28046.4,353,171,182
2019.11.29 13:00,28097.9,397,190,207
2019.11.29 13:20,28086.9,355,184,171
2019.11.29 13:40,28103.9,376,187,189
2019.11.29 14:40,28111.9,354,187,167
2019.11.29 14:55,28110.9,358,189,169
2019.11.29 18:20,28074.0,312,158,154
2019.11.29 19:15,28073.0,313,154,159
2019.11.29 19:20,28089.0,341,179,162
2019.11.29 19:40,28052.7,331,156,175
2019.11.29 20:05,28085.7,337,181,156
2019.11.29 20:15,28066.2,303,155,148
2019.11.29 21:00,28072.5,309,156,153
2019.11.29 21:15,28072.7,310,157,153
2019.11.29 21:45,28073.6,296,149,147
2019.11.29 21:50,28072.6,308,156,152
2019.11.29 22:05,28074.7,297,155,142
2019.11.29 22:20,28073.6,295,148,147
2019.12.02 01:05,28108.1,343,173,170
2019.12.02 02:30,28165.6,358,188,170
2019.12.02 03:05,28143.6,362,178,184
2019.12.02 03:40,28142.6,370,169,201
2019.12.02 03:50,28157.6,355,184,171
2019.12.02 04:30,28163.1,366,182,184
2019.12.02 04:35,28154.6,333,178,155
2019.12.02 04:45,28167.1,361,190,171
2019.12.02 06:10,28170.6,366,199,167
2019.12.02 06:20,28165.1,356,180,176
2019.12.02 06:25,28169.1,372,193,179
2019.12.02 06:50,28157.6,345,178,167
2019.12.02 06:55,28161.1,349,186,163
2019.12.02 07:50,28162.6,352,181,171
2019.12.02 09:50,28138.6,375,170,205
2019.12.02 10:05,28164.8,350,176,174
2019.12.02 10:10,28149.3,329,162,167
2019.12.02 10:30,28174.3,378,204,174
2019.12.02 10:50,28200.3,482,244,238
2019.12.02 11:15,28191.3,502,269,233
2019.12.02 11:50,28172.3,369,198,171
2019.12.02 13:35,28107.8,339,170,169
2019.12.02 13:45,28128.3,376,188,188
2019.12.02 13:55,28115.3,363,192,171
2019.12.02 14:55,28126.3,375,188,187
2019.12.02 15:05,28112.8,345,179,166
2019.12.02 15:10,28119.8,377,182,195
2019.12.02 15:55,28105.3,342,168,174
2019.12.02 16:00,28093.3,330,169,161
2019.12.02 16:10,28108.8,341,173,168
2019.12.02 16:40,28009.2,325,163,162
2019.12.02 16:45,28040.7,354,164,190
2019.12.02 17:05,27888.7,550,272,278
2019.12.02 17:35,27828.2,501,248,253
2019.12.02 17:40,27911.0,475,232,243
2019.12.02 18:10,27801.0,454,239,215
2019.12.02 18:35,27793.5,426,227,199
2019.12.02 19:10,27871.5,476,274,202
2019.12.02 19:35,27805.5,459,236,223
2019.12.02 20:20,27835.5,474,227,247
2019.12.02 20:25,27850.5,417,204,213
2019.12.02 21:00,27840.5,415,197,218
2019.12.02 21:10,27863.5,433,233,200
2019.12.02 21:30,27875.5,523,272,251
2019.12.02 21:45,27879.0,518,266,252
2019.12.02 22:10,27820.0,494,232,262
2019.12.02 22:30,27805.9,466,239,227
2019.12.03 02:45,27801.3,445,232,213
2019.12.03 03:05,27826.3,471,236,235
2019.12.03 03:40,27781.3,383,212,171
2019.12.03 04:40,27812.8,460,237,223
2019.12.03 04:55,27823.3,482,242,240
2019.12.03 05:00,27814.3,475,242,233
2019.12.03 05:10,27831.3,466,230,236
2019.12.03 05:15,27820.3,480,228,252
2019.12.03 05:40,27852.3,404,200,204
2019.12.03 06:55,27840.8,407,198,209
2019.12.03 07:45,27828.8,473,232,241
2019.12.03 08:35,27831.3,461,228,233
2019.12.03 09:05,27845.3,397,210,187
2019.12.03 10:05,27805.5,440,221,219
2019.12.03 10:25,27818.0,476,229,247
2019.12.03 10:50,27826.5,458,233,225
2019.12.03 11:15,27823.0,466,230,236
2019.12.03 11:20,27840.0,397,189,208
2019.12.03 11:45,27799.0,430,217,213
2019.12.03 12:00,27838.0,414,188,226
2019.12.03 13:35,27713.5,388,193,195
2019.12.03 13:40,27701.5,439,207,232
2019.12.03 13:45,27713.0,391,189,202
2019.12.03 13:50,27703.0,420,194,226
2019.12.03 13:55,27717.0,381,196,185
2019.12.03 14:20,27679.5,419,229,190
2019.12.03 15:00,27621.5,357,191,166
2019.12.03 16:20,27470.0,208,101,107
2019.12.03 16:35,27510.4,269,149,120
2019.12.03 16:50,27351.4,282,145,137
2019.12.03 17:00,27431.4,220,101,119
2019.12.03 17:10,27346.9,280,136,144
2019.12.03 17:35,27359.4,271,140,131
2019.12.03 17:50,27320.9,286,144,142
2019.12.03 17:55,27357.9,276,142,134
2019.12.03 18:00,27321.9,287,148,139
2019.12.03 18:15,27392.9,210,106,104
2019.12.03 18:30,27336.9,260,133,127
2019.12.03 18:40,27399.9,222,124,98
2019.12.03 19:30,27399.9,218,122,96
2019.12.03 19:35,27420.9,249,135,114
2019.12.03 19:45,27389.9,210,103,107
2019.12.03 19:50,27409.9,240,120,120
2019.12.03 19:55,27386.9,211,102,109
2019.12.03 20:00,27417.9,231,128,103
2019.12.03 20:05,27398.9,213,117,96
2019.12.03 20:40,27476.9,212,119,93
2019.12.03 20:50,27436.9,213,100,113
2019.12.03 21:00,27461.9,210,109,101
2019.12.03 21:20,27406.9,234,118,116
2019.12.03 22:25,27522.7,302,164,138
2019.12.03 23:20,27479.3,215,115,100
2019.12.04 00:10,27496.0,258,149,109
2019.12.04 00:30,27496.1,258,150,108
2019.12.04 00:45,27488.2,232,128,104
2019.12.04 02:25,27502.8,252,126,126
2019.12.04 03:55,27469.8,192,91,101
2019.12.04 04:05,27494.8,233,132,101
2019.12.04 04:10,27476.3,190,103,87
2019.12.04 04:35,27481.3,202,102,100
2019.12.04 05:10,27476.3,189,102,87
2019.12.04 05:35,27487.8,213,123,90
2019.12.04 06:40,27491.3,207,121,86
2019.12.04 06:55,27505.8,240,126,114
2019.12.04 07:10,27491.3,206,120,86
2019.12.04 07:25,27495.8,226,130,96
2019.12.04 07:40,27506.8,235,126,109
2019.12.04 08:20,27501.8,238,125,113
2019.12.04 08:25,27495.8,222,127,95
2019.12.04 09:15,27467.3,201,94,107
2019.12.04 09:20,27479.8,188,98,90
2019.12.04 10:30,27456.0,188,90,98
2019.12.04 10:35,27444.5,201,101,100
2019.12.04 11:15,27636.5,355,182,173
2019.12.04 11:20,27611.5,320,176,144
2019.12.04 11:40,27563.5,288,143,145
2019.12.04 12:00,27635.5,352,185,167
2019.12.04 12:05,27596.5,291,148,143
2019.12.04 12:30,27629.5,338,183,155
2019.12.04 12:50,27593.5,287,146,141
2019.12.04 13:35,27610.0,304,167,137
2019.12.04 14:15,27655.0,317,162,155
2019.12.04 14:20,27640.5,358,175,183
2019.12.04 15:00,27644.5,344,152,192
2019.12.04 15:05,27624.5,339,171,168
2019.12.04 15:10,27648.0,326,151,175
2019.12.04 15:20,27593.5,286,145,141
2019.12.04 15:25,27626.5,332,175,157
2019.12.04 17:15,27674.8,382,203,179
2019.12.04 17:20,27712.8,391,191,200
2019.12.04 18:10,27682.8,428,240,188
2019.12.04 18:20,27705.8,426,194,232
2019.12.04 18:25,27685.8,418,232,186
2019.12.04 18:40,27729.8,410,212,198
2019.12.04 19:40,27677.3,390,212,178
2019.12.04 20:15,27677.3,389,211,178
2019.12.04 21:15,27706.8,424,194,230
2019.12.04 21:50,27720.3,377,198,179
2019.12.04 22:15,27690.3,424,220,204
2019.12.04 22:20,27704.2,400,183,217
2019.12.04 23:25,27637.5,346,182,164
2019.12.04 23:30,27647.7,314,144,170
2019.12.04 23:55,27645.7,320,142,178
2019.12.05 00:05,27634.4,335,179,156
2019.12.05 00:30,27644.4,329,147,182
2019.12.05 00:35,27642.4,325,154,171
2019.12.05 00:50,27643.1,323,151,172
2019.12.05 01:20,27660.0,317,168,149
2019.12.05 01:55,27629.5,325,176,149
2019.12.05 02:05,27651.5,317,162,155
2019.12.05 03:15,27678.5,393,217,176
2019.12.05 04:05,27646.5,300,135,165
2019.12.05 04:30,27653.5,307,154,153
2019.12.05 04:35,27631.5,309,170,139
2019.12.05 05:00,27626.5,315,162,153
2019.12.05 06:35,27652.5,314,161,153
2019.12.05 07:05,27651.5,312,161,151
2019.12.05 07:55,27634.0,299,158,141
2019.12.05 08:25,27657.5,311,162,149
2019.12.05 08:30,27650.5,305,152,153
2019.12.05 08:55,27671.0,360,188,172
2019.12.05 09:00,27653.5,304,151,153
2019.12.05 09:55,27716.5,373,195,178
2019.12.05 10:10,27717.2,375,195,180
2019.12.05 10:25,27661.2,310,168,142
2019.12.05 11:00,27702.2,390,182,208
2019.12.05 12:35,27763.2,337,159,178
2019.12.05 13:10,27763.7,335,162,173
2019.12.05 13:20,27752.2,368,174,194
2019.12.05 13:40,27771.2,360,196,164
2019.12.05 14:55,27742.2,396,184,212
2019.12.05 15:25,27746.2,394,186,208
2019.12.05 15:35,27718.7,366,187,179
2019.12.05 15:45,27739.2,405,198,207
2019.12.05 16:10,27708.2,395,175,220
2019.12.05 17:10,27556.1,281,137,144
2019.12.05 17:20,27605.6,289,154,135
2019.12.05 17:25,27578.1,275,143,132
2019.12.05 17:50,27629.6,300,164,136
2019.12.05 18:35,27585.6,279,148,131
2019.12.05 18:50,27615.3,294,159,135
2019.12.05 18:55,27596.8,276,134,142
2019.12.05 19:25,27585.8,280,149,131
2019.12.05 19:40,27604.5,274,145,129
2019.12.05 19:45,27586.5,281,149,132
2019.12.05 21:40,27679.5,386,208,178
2019.12.05 21:45,27663.5,311,161,150
2019.12.05 21:50,27676.5,376,202,174
2019.12.05 22:30,27698.4,404,192,212
2019.12.05 22:35,27684.4,385,206,179
2019.12.05 22:40,27699.4,394,190,204
2019.12.06 01:15,27683.0,401,225,176
2019.12.06 01:40,27688.5,386,212,174
2019.12.06 01:45,27678.0,365,200,165
2019.12.06 02:20,27686.5,375,203,172
2019.12.06 05:00,27683.0,394,220,174
2019.12.06 05:45,27702.5,371,171,200
2019.12.06 06:15,27706.0,377,169,208
2019.12.06 08:25,27734.5,423,205,218
2019.12.06 08:30,27741.0,392,192,200
2019.12.06 09:35,27725.0,387,197,190
2019.12.06 10:00,27715.7,355,189,166
2019.12.06 10:05,27738.2,405,198,207
2019.12.06 10:30,27704.7,368,168,200
2019.12.06 10:45,27726.2,375,196,179
2019.12.06 10:50,27713.2,349,173,176
2019.12.06 11:10,27741.7,392,183,209
2019.12.06 11:15,27732.2,393,196,197
2019.12.06 11:20,27741.7,391,183,208
2019.12.06 11:25,27729.7,378,195,183
2019.12.06 11:40,27732.7,389,191,198
2019.12.06 12:30,27724.2,375,188,187
2019.12.06 13:00,27728.2,375,195,180
2019.12.06 13:10,27739.7,383,191,192
2019.12.06 13:15,27731.7,376,188,188
2019.12.06 13:25,27748.7,387,176,211
2019.12.06 13:30,27739.7,381,189,192
2019.12.06 13:45,27742.7,383,185,198
2019.12.06 13:55,27753.7,365,173,192
2019.12.06 14:30,27721.7,356,188,168
2019.12.06 14:35,27729.7,372,192,180
2019.12.06 15:00,27723.7,369,186,183
2019.12.06 15:05,27730.7,373,183,190
2019.12.06 15:15,27719.7,344,182,162
2019.12.06 15:20,27731.2,375,186,189
2019.12.06 16:00,27844.7,386,201,185
2019.12.06 16:15,27872.7,489,276,213
2019.12.06 16:20,27862.7,411,220,191
2019.12.06 17:00,27969.1,377,194,183
2019.12.06 17:05,27945.1,503,258,245
2019.12.06 17:25,27940.4,533,280,253
2019.12.06 17:30,27962.4,371,180,191
2019.12.06 17:35,27933.9,528,260,268
2019.12.06 19:05,27997.4,322,158,164
2019.12.06 19:20,28016.4,321,151,170
2019.12.06 19:25,28006.4,300,144,156
2019.12.06 20:30,28018.4,322,160,162
2019.12.06 21:15,28000.4,319,149,170
2019.12.06 22:40,28035.2,357,183,174
2019.12.06 23:20,28005.8,299,143,156
2019.12.06 23:25,27999.9,307,144,163
2019.12.09 01:00,28032.6,361,185,176
2019.12.09 01:05,28017.1,301,143,158
2019.12.09 01:15,28027.6,330,170,160
2019.12.09 02:35,27965.1,369,178,191
2019.12.09 02:45,27980.1,378,204,174
2019.12.09 02:55,27959.1,391,175,216
2019.12.09 03:00,27972.6,368,188,180
2019.12.09 04:50,27988.6,382,182,200
2019.12.09 05:15,27982.1,379,203,176
2019.12.09 05:45,27965.1,356,169,187
2019.12.09 07:20,27962.1,365,176,189
2019.12.09 08:00,27981.1,377,203,174
2019.12.09 08:10,27966.1,340,165,175
2019.12.09 09:00,28000.1,308,144,164
2019.12.09 09:40,28012.1,301,156,145
2019.12.09 10:10,27986.8,381,192,189
2019.12.09 11:10,27947.8,489,236,253
2019.12.09 12:00,27981.8,369,201,168
2019.12.09 12:40,27982.8,373,192,181
2019.12.09 13:00,28001.3,299,135,164
2019.12.09 13:15,27976.8,350,187,163
2019.12.09 13:55,27956.8,426,188,238
2019.12.09 14:35,27989.3,359,177,182
2019.12.09 14:40,27980.8,360,190,170
2019.12.09 15:45,27971.3,333,172,161
2019.12.09 16:10,27971.8,335,169,166
2019.12.09 16:20,27984.8,354,181,173
2019.12.09 17:15,28004.8,287,136,151
2019.12.09 17:35,27998.8,287,136,151
2019.12.09 18:25,27952.8,459,211,248
2019.12.09 18:55,27939.8,539,277,262
2019.12.09 19:00,27961.3,354,169,185
2019.12.09 19:15,27953.8,451,202,249
2019.12.09 19:40,27954.8,443,197,246
2019.12.09 19:50,27927.3,467,236,231
2019.12.09 20:05,27953.8,449,202,247
2019.12.09 21:10,27914.7,459,225,234
2019.12.09 21:35,27945.7,481,245,236
2019.12.09 21:40,27934.7,525,258,267
2019.12.09 21:55,27950.7,451,218,233
2019.12.09 22:25,27957.9,400,179,221
2019.12.09 22:45,27922.4,449,233,216
2019.12.09 22:50,27937.9,532,271,261
2019.12.09 23:50,27867.0,442,240,202
2019.12.10 00:40,27887.3,531,265,266
2019.12.10 01:45,27907.8,484,219,265
2019.12.10 01:55,27893.8,500,239,261
2019.12.10 02:05,27911.8,475,233,242
2019.12.10 02:10,27900.8,454,209,245
2019.12.10 02:15,27911.8,474,233,241
2019.12.10 02:25,27884.3,525,265,260
2019.12.10 02:45,27890.8,506,251,255
2019.12.10 02:50,27904.8,472,243,229
2019.12.10 04:40,27924.8,458,236,222
2019.12.10 05:30,27924.8,456,236,220
2019.12.10 06:55,27899.8,451,213,238
2019.12.10 07:05,27907.8,471,216,255
2019.12.10 07:10,27901.8,446,220,226
2019.12.10 07:45,27908.8,469,213,256
2019.12.10 07:50,27902.8,455,225,230
2019.12.10 08:20,27921.8,446,236,210
2019.12.10 08:40,27901.8,443,218,225
2019.12.10 08:45,27910.8,463,220,243
2019.12.10 09:10,27900.3,440,208,232
2019.12.10 10:20,27892.0,502,246,256
2019.12.10 11:05,27771.0,357,196,161
2019.12.10 11:10,27789.0,384,204,180
2019.12.10 11:20,27766.5,348,179,169
2019.12.10 11:30,27793.0,397,212,185
2019.12.10 12:15,27824.5,461,244,217
2019.12.10 12:30,27798.5,420,212,208
2019.12.10 12:35,27815.5,458,221,237
2019.12.10 12:50,27815.5,457,221,236
2019.12.10 14:15,27772.5,366,206,160
2019.12.10 15:40,27948.5,468,231,237
2019.12.10 15:45,27910.0,463,223,240
2019.12.10 15:50,27938.5,527,270,257
2019.12.10 16:15,27919.5,434,222,212
2019.12.10 17:50,27896.2,466,230,236
2019.12.10 18:20,27888.7,516,252,264
2019.12.10 18:45,27926.7,446,223,223
2019.12.10 19:35,27890.7,488,241,247
2019.12.10 19:50,27872.7,471,263,208
2019.12.10 20:00,27912.7,437,216,221
2019.12.10 20:05,27897.7,443,210,233
2019.12.10 21:40,27905.7,424,211,213
2019.12.10 22:05,27909.2,425,197,228
2019.12.10 22:10,27927.7,443,227,216
2019.12.10 22:35,27850.1,394,195,199
2019.12.10 23:25,27905.2,406,208,198
2019.12.11 00:25,27912.2,413,202,211
2019.12.11 01:10,27894.0,461,218,243
2019.12.11 01:35,27880.0,501,250,251
2019.12.11 01:40,27901.0,402,184,218
2019.12.11 02:45,27858.5,385,185,200
2019.12.11 04:00,27866.0,407,211,196
2019.12.11 04:35,27882.5,485,249,236
2019.12.11 05:05,27876.0,483,251,232
2019.12.11 06:00,27886.5,483,238,245
2019.12.11 06:15,27887.0,483,235,248
2019.12.11 06:55,27884.0,494,244,250
2019.12.11 07:10,27895.5,426,198,228
2019.12.11 07:25,27881.5,480,238,242
2019.12.11 08:00,27909.5,417,196,221
2019.12.11 08:35,27907.5,412,192,220
2019.12.11 09:05,27907.0,405,190,215
2019.12.11 10:05,27928.7,452,228,224
2019.12.11 10:35,27941.7,501,256,245
2019.12.11 11:00,27848.7,389,201,188
2019.12.11 11:40,27894.7,427,202,225
2019.12.11 11:45,27876.7,470,238,232
2019.12.11 13:00,27893.7,436,205,231
2019.12.11 14:10,27896.2,416,202,214
2019.12.11 14:30,27873.7,448,246,202
2019.12.11 16:30,27806.1,424,209,215
2019.12.11 17:00,27903.1,392,200,192
2019.12.11 17:35,27845.6,376,193,183
2019.12.11 17:40,27866.1,392,204,188
2019.12.11 18:35,27838.6,398,182,216
2019.12.11 19:30,27836.1,412,195,217
2019.12.11 20:40,27831.8,416,207,209
2019.12.11 21:20,27894.8,410,192,218
2019.12.11 21:30,27863.3,380,198,182
2019.12.11 22:15,27870.8,412,233,179
2019.12.11 22:45,27876.9,435,219,216
2019.12.11 23:05,27922.8,424,226,198
2019.12.11 23:25,27907.6,398,187,211
2019.12.11 23:55,27927.0,437,225,212
2019.12.12 00:45,27928.2,446,229,217
2019.12.12 01:15,27920.3,389,206,183
2019.12.12 03:05,27915.3,381,195,186
2019.12.12 03:35,27934.3,494,248,246
2019.12.12 03:40,27942.8,491,241,250
2019.12.12 03:50,27933.3,492,248,244
2019.12.12 03:55,27941.8,489,247,242
2019.12.12 04:05,27934.8,503,252,251
2019.12.12 05:20,27941.8,485,246,239
2019.12.12 06:50,27941.8,485,246,239
2019.12.12 07:05,27929.8,456,229,227
2019.12.12 07:35,27937.8,477,249,228
2019.12.12 08:05,27927.3,425,216,209
2019.12.12 08:35,27936.8,471,237,234
2019.12.12 08:50,27948.3,464,233,231
2019.12.12 09:30,27930.8,450,232,218
2019.12.12 09:40,27943.8,470,234,236
2019.12.12 10:05,27961.5,353,167,186
2019.12.12 10:30,27937.0,457,230,227
2019.12.12 11:10,27966.0,327,159,168
2019.12.12 12:00,27967.5,324,157,167
2019.12.12 13:45,27939.0,461,238,223
2019.12.12 13:50,27928.5,427,212,215
2019.12.12 14:35,27902.0,374,188,186
2019.12.12 15:25,27884.5,424,211,213
2019.12.12 15:30,27849.5,372,185,187
2019.12.12 15:35,27889.5,425,209,216
2019.12.12 15:40,27856.0,357,174,183
2019.12.12 16:20,27875.5,424,216,208
2019.12.12 17:20,28222.9,391,195,196
2019.12.12 17:45,28103.9,340,168,172
2019.12.12 17:55,28164.4,338,170,168
2019.12.12 19:25,27962.8,337,159,178
2019.12.12 20:45,28024.6,316,156,160
2019.12.12 21:25,28029.6,334,173,161
2019.12.12 21:50,28075.6,292,151,141
2019.12.12 22:05,28125.6,367,182,185
2019.12.12 22:15,28088.6,320,169,151
2019.12.12 22:30,28147.2,327,163,164
2019.12.12 22:35,28106.2,321,155,166
2019.12.12 22:50,28170.7,356,196,160
2019.12.12 23:40,28119.2,345,173,172
2019.12.12 23:50,28136.2,365,171,194
2019.12.12 23:55,28127.2,354,179,175
2019.12.13 00:30,28206.9,475,215,260
2019.12.13 01:30,28233.5,423,219,204
2019.12.13 01:55,28253.0,467,243,224
2019.12.13 02:05,28194.0,486,255,231
2019.12.13 02:20,28234.0,422,218,204
2019.12.13 02:30,28214.0,430,203,227
2019.12.13 02:35,28225.0,369,194,175
2019.12.13 02:40,28208.0,470,209,261
2019.12.13 03:05,28221.5,384,191,193
2019.12.13 03:25,28243.0,468,241,227
2019.12.13 04:40,28238.0,413,219,194
2019.12.13 04:50,28223.5,375,184,191
2019.12.13 06:00,28224.0,365,186,179
2019.12.13 06:05,28234.5,393,207,186
2019.12.13 06:10,28226.5,358,186,172
2019.12.13 06:25,28237.0,404,211,193
2019.12.13 06:30,28233.0,390,207,183
2019.12.13 07:10,28226.5,357,185,172
2019.12.13 07:40,28254.5,471,233,238
2019.12.13 08:00,28233.0,384,204,180
2019.12.13 08:10,28255.5,468,237,231
2019.12.13 08:45,28255.0,467,234,233
2019.12.13 09:25,28244.0,453,234,219
2019.12.13 09:35,28228.5,343,179,164
2019.12.13 10:50,28255.7,471,240,231
2019.12.13 11:15,28223.2,368,182,186
2019.12.13 11:40,28219.7,399,192,207
2019.12.13 12:00,28259.7,485,254,231
2019.12.13 12:05,28239.7,396,213,183
2019.12.13 12:45,28267.7,469,235,234
2019.12.13 12:55,28283.7,505,246,259
2019.12.13 14:00,28213.2,437,204,233
2019.12.13 14:10,28249.7,433,236,197
2019.12.13 14:35,28216.2,402,182,220
2019.12.13 15:45,28208.2,467,208,259
2019.12.13 15:50,28227.2,344,177,167
2019.12.13 16:20,28068.2,296,154,142
2019.12.13 17:05,28285.1,506,263,243
2019.12.13 17:15,28186.6,441,231,210
2019.12.13 17:45,28178.1,362,194,168
2019.12.13 18:00,28068.1,292,150,142
2019.12.13 18:10,28131.1,356,167,189
2019.12.13 18:25,28023.1,313,154,159
2019.12.13 19:15,28101.6,306,142,164
2019.12.13 20:00,28149.1,306,150,156
2019.12.13 20:40,28123.1,322,155,167
2019.12.13 21:15,28131.6,340,165,175
2019.12.13 21:20,28142.6,326,149,177
2019.12.13 22:40,28156.1,296,161,135
2019.12.16 01:00,28179.5,370,201,169
2019.12.16 01:05,28152.5,301,146,155
2019.12.16 02:05,28169.0,342,180,162
2019.12.16 02:10,28158.0,294,155,139
2019.12.16 02:30,28161.0,305,164,141
2019.12.16 02:45,28177.5,373,202,171
2019.12.16 03:35,28157.0,292,157,135
2019.12.16 03:50,28172.0,334,183,151
2019.12.16 04:30,28170.0,324,180,144
2019.12.16 04:40,28160.5,293,150,143
2019.12.16 05:50,28174.0,339,188,151
2019.12.16 06:10,28167.0,298,158,140
2019.12.16 06:15,28171.0,318,179,139
2019.12.16 06:40,28163.0,292,150,142
2019.12.16 07:10,28157.5,290,152,138
2019.12.16 07:25,28157.0,290,155,135
2019.12.16 07:40,28162.0,286,152,134
2019.12.16 08:20,28171.0,315,179,136
2019.12.16 09:25,28154.0,283,144,139
2019.12.16 09:30,28167.5,289,153,136
2019.12.16 09:45,28165.5,287,156,131
2019.12.16 11:05,28172.7,323,186,137
2019.12.16 11:45,28196.2,467,234,233
2019.12.16 11:50,28189.7,449,240,209
2019.12.16 11:55,28197.7,458,229,229
2019.12.16 12:00,28190.7,464,247,217
2019.12.16 12:15,28180.7,369,203,166
2019.12.16 12:40,28201.7,465,238,227
2019.12.16 12:50,28185.2,412,222,190
2019.12.16 14:10,28210.2,433,197,236
2019.12.16 14:35,28191.7,452,237,215
2019.12.16 15:00,28219.7,384,185,199
2019.12.16 15:05,28205.7,447,214,233
2019.12.16 15:50,28240.7,395,208,187
2019.12.16 15:55,28224.7,342,174,168
2019.12.16 16:00,28241.7,409,219,190
2019.12.16 16:05,28222.7,360,178,182
2019.12.16 16:10,28234.7,343,180,163
2019.12.16 16:40,28255.1,455,230,225
2019.12.16 16:50,28313.1,463,236,227
2019.12.16 16:55,28285.1,502,261,241
2019.12.16 17:35,28310.9,463,235,228
2019.12.16 18:10,28317.9,465,232,233
2019.12.16 18:25,28314.9,453,235,218
2019.12.16 18:35,28297.9,491,244,247
2019.12.16 19:00,28327.9,424,208,216
2019.12.16 19:35,28321.9,449,228,221
2019.12.16 19:50,28302.4,487,246,241
2019.12.16 20:05,28313.6,451,228,223
2019.12.16 20:50,28309.6,459,238,221
2019.12.16 21:15,28273.6,457,227,230
2019.12.16 22:20,28276.1,451,218,233
2019.12.16 22:35,28278.1,441,221,220
2019.12.16 23:50,28239.5,377,206,171
2019.12.17 01:10,28230.3,308,160,148
2019.12.17 02:05,28190.8,459,243,216
2019.12.17 02:10,28200.8,438,227,211
2019.12.17 02:15,28190.3,448,235,213
2019.12.17 02:45,28202.3,450,227,223
2019.12.17 03:45,28227.3,317,165,152
2019.12.17 04:00,28218.8,367,174,193
2019.12.17 05:15,28217.3,374,175,199
2019.12.17 06:10,28237.3,345,186,159
2019.12.17 06:15,28229.3,305,159,146
2019.12.17 07:00,28238.3,348,190,158
2019.12.17 07:05,28228.8,306,159,147
2019.12.17 07:55,28256.3,449,239,210
2019.12.17 09:45,28253.3,434,223,211
2019.12.17 09:50,28262.3,463,228,235
2019.12.17 10:35,28215.0,371,182,189
2019.12.17 11:25,28191.0,453,240,213
2019.12.17 12:50,28196.0,440,223,217
2019.12.17 15:00,28200.0,424,216,208
2019.12.17 15:20,28234.0,318,167,151
2019.12.17 15:35,28217.5,356,170,186
2019.12.17 15:50,28271.0,442,215,227
2019.12.17 16:00,28241.5,382,202,180
2019.12.17 16:30,28217.4,357,169,188
2019.12.17 17:45,28304.8,462,239,223
2019.12.17 18:25,28290.8,521,270,251
2019.12.17 18:30,28269.8,442,216,226
2019.12.17 19:05,28320.8,444,222,222
2019.12.17 19:30,28301.8,476,237,239
2019.12.17 19:50,28311.0,441,226,215
2019.12.17 19:55,28324.0,439,227,212
2019.12.17 21:25,28285.5,486,255,231
2019.12.17 21:45,28304.5,453,234,219
2019.12.17 21:50,28296.5,489,239,250
2019.12.17 21:55,28304.5,452,234,218
2019.12.17 22:05,28287.5,507,261,246
2019.12.17 23:55,28255.3,423,218,205
2019.12.18 00:05,28239.8,362,191,171
2019.12.18 00:20,28246.8,396,202,194
2019.12.18 00:25,28242.9,378,198,180
2019.12.18 00:45,28253.1,412,222,190
2019.12.18 00:50,28254.2,420,212,208
2019.12.18 01:50,28251.6,390,208,182
2019.12.18 02:30,28256.1,422,224,198
2019.12.18 02:35,28263.1,440,225,215
2019.12.18 03:45,28262.6,439,222,217
2019.12.18 04:20,28276.1,428,210,218
2019.12.18 04:55,28254.1,409,207,202
2019.12.18 05:20,28259.1,432,227,205
2019.12.18 05:50,28261.1,435,220,215
2019.12.18 06:20,28274.6,427,216,211
2019.12.18 07:00,28259.1,431,226,205
2019.12.18 07:05,28266.1,418,220,198
2019.12.18 08:35,28242.1,381,196,185
2019.12.18 08:40,28247.1,396,201,195
2019.12.18 08:50,28242.1,380,195,185
2019.12.18 09:00,28253.1,400,213,187
2019.12.18 09:10,28239.1,348,185,163
2019.12.18 09:20,28253.1,399,213,186
2019.12.18 09:25,28245.1,377,198,179
2019.12.18 10:35,28258.3,413,215,198
2019.12.18 10:45,28274.8,422,216,206
2019.12.18 10:50,28265.8,415,216,199
2019.12.18 11:30,28298.8,465,228,237
2019.12.18 11:40,28285.8,487,264,223
2019.12.18 12:00,28286.3,489,255,234
2019.12.18 12:05,28294.8,475,242,233
2019.12.18 12:20,28292.8,475,244,231
2019.12.18 13:50,28272.8,413,208,205
2019.12.18 14:00,28285.3,475,254,221
2019.12.18 14:15,28261.8,422,209,213
2019.12.18 14:35,28289.8,481,250,231
2019.12.18 14:40,28282.8,468,243,225
2019.12.18 14:45,28291.8,478,246,232
2019.12.18 15:00,28275.8,417,205,212
2019.12.18 15:25,28296.8,476,235,241
2019.12.18 16:25,28306.8,452,232,220
2019.12.18 16:30,28281.2,442,230,212
2019.12.18 16:55,28303.2,461,237,224
2019.12.18 17:00,28282.2,456,238,218
2019.12.18 17:05,28296.2,464,229,235
2019.12.18 17:10,28274.1,409,203,206
2019.12.18 17:15,28300.1,455,233,222
2019.12.18 17:25,28279.1,420,211,209
2019.12.18 17:35,28297.1,459,227,232
2019.12.18 17:45,28271.6,403,204,199
2019.12.18 18:10,28287.1,452,230,222
2019.12.18 18:50,28258.1,414,213,201
2019.12.18 19:05,28283.1,449,230,219
2019.12.18 19:20,28265.1,406,215,191
2019.12.18 19:45,28270.1,401,197,204
2019.12.18 20:30,28271.6,392,196,196
2019.12.18 21:35,28300.6,459,237,222
2019.12.18 21:45,28286.6,449,232,217
2019.12.18 22:00,28290.1,452,229,223
2019.12.18 22:40,28285.8,446,236,210
2019.12.18 23:00,28228.2,304,159,145
2019.12.19 01:40,28266.2,389,203,186
2019.12.19 02:10,28275.2,391,195,196
2019.12.19 02:15,28266.2,387,201,186
2019.12.19 02:20,28274.7,387,193,194
2019.12.19 02:25,28266.2,386,200,186
2019.12.19 03:20,28273.2,381,189,192
2019.12.19 05:10,28246.2,369,186,183
2019.12.19 05:45,28245.2,362,187,175
2019.12.19 06:15,28253.7,389,196,193
2019.12.19 07:20,28238.7,339,182,157
2019.12.19 08:50,28257.7,395,205,190
2019.12.19 09:35,28257.2,397,210,187
2019.12.19 10:45,28237.9,333,179,154
2019.12.19 11:05,28276.9,390,193,197
2019.12.19 11:15,28257.9,393,203,190
2019.12.19 12:50,28287.9,443,225,218
2019.12.19 13:25,28272.9,373,189,184
2019.12.19 13:45,28278.9,388,196,192
2019.12.19 14:10,28280.9,401,201,200
2019.12.19 14:20,28292.9,425,218,207
2019.12.19 14:50,28277.9,379,189,190
2019.12.19 15:15,28254.9,374,192,182
2019.12.19 15:35,28249.4,362,197,165
2019.12.19 17:00,28281.3,398,205,193
2019.12.19 17:10,28309.3,437,228,209
2019.12.19 17:20,28284.3,411,204,207
2019.12.19 18:00,28317.8,439,219,220
2019.12.19 19:35,28353.5,339,148,191
2019.12.19 20:05,28325.5,423,217,206
2019.12.19 20:40,28353.5,338,148,190
2019.12.19 20:55,28335.5,403,192,211
2019.12.19 22:10,28353.2,331,144,187
2019.12.19 22:25,28342.7,392,173,219
2019.12.19 22:30,28351.7,348,159,189
2019.12.19 23:20,28371.3,345,189,156
2019.12.20 00:30,28386.4,425,223,202
2019.12.20 00:40,28383.3,423,221,202
2019.12.20 01:15,28380.6,421,215,206
2019.12.20 01:35,28393.6,384,194,190
2019.12.20 01:50,28394.6,389,196,193
2019.12.20 02:15,28400.6,388,191,197
2019.12.20 03:20,28375.6,370,188,182
2019.12.20 03:25,28382.6,420,218,202
2019.12.20 03:35,28370.6,338,180,158
2019.12.20 03:55,28389.6,380,195,185
2019.12.20 05:45,28383.6,409,211,198
2019.12.20 06:30,28381.6,406,202,204
2019.12.20 06:35,28385.6,397,213,184
2019.12.20 08:15,28364.6,325,165,160
2019.12.20 08:20,28368.6,327,176,151
2019.12.20 08:25,28364.1,319,160,159
2019.12.20 10:00,28387.8,390,205,185
2019.12.20 10:05,28371.3,333,184,149
2019.12.20 10:10,28381.3,386,193,193
2019.12.20 11:35,28376.3,355,178,177
2019.12.20 11:40,28384.3,394,205,189
2019.12.20 11:50,28371.3,330,181,149
2019.12.20 12:20,28387.3,380,204,176
2019.12.20 13:35,28400.3,384,186,198
2019.12.20 14:05,28396.8,393,194,199
2019.12.20 14:10,28407.3,368,182,186
2019.12.20 14:30,28401.3,384,184,200
2019.12.20 15:10,28421.8,360,173,187
2019.12.20 16:30,28510.2,383,206,177
2019.12.20 17:20,28442.6,373,188,185
2019.12.20 17:45,28473.6,369,177,192
2019.12.20 18:20,28489.6,324,176,148
2019.12.20 18:25,28479.6,343,170,173
2019.12.20 18:50,28495.6,362,183,179
2019.12.20 19:05,28469.6,371,175,196
2019.12.20 20:15,28497.8,358,185,173
2019.12.20 20:20,28507.8,360,197,163
2019.12.20 20:45,28492.8,323,172,151
2019.12.20 20:50,28499.8,350,170,180
2019.12.20 21:30,28500.3,353,175,178
2019.12.20 22:45,28462.8,407,185,222
2019.12.20 22:50,28481.8,350,187,163
2019.12.20 22:55,28446.8,393,185,208
2019.12.20 23:20,28470.5,368,172,196
2019.12.23 01:50,28501.7,343,179,164
2019.12.23 02:25,28482.7,338,184,154
2019.12.23 02:30,28488.2,320,165,155
2019.12.23 03:35,28480.7,330,173,157
2019.12.23 04:05,28487.7,310,154,156
2019.12.23 04:10,28492.7,307,162,145
2019.12.23 06:30,28489.7,292,160,132
2019.12.23 07:25,28479.7,332,167,165
2019.12.23 07:45,28489.2,300,161,139
2019.12.23 08:20,28475.7,341,178,163
2019.12.23 08:55,28468.7,369,166,203
2019.12.23 09:35,28471.7,355,169,186
2019.12.23 09:50,28469.7,359,166,193
2019.12.23 10:30,28481.9,318,168,150
2019.12.23 10:45,28492.4,311,161,150
2019.12.23 12:00,28489.4,287,158,129
2019.12.23 12:05,28503.4,340,174,166
2019.12.23 12:10,28491.4,296,157,139
2019.12.23 12:45,28497.4,326,165,161
2019.12.23 12:50,28502.4,338,170,168
2019.12.23 12:55,28495.9,336,162,174
2019.12.23 14:40,28536.4,429,211,218
2019.12.23 14:45,28532.9,413,205,208
2019.12.23 14:55,28540.4,444,222,222
2019.12.23 15:25,28535.4,413,205,208
2019.12.23 15:30,28530.4,425,211,214
2019.12.23 15:40,28540.9,445,222,223
2019.12.23 16:10,28507.4,345,190,155
2019.12.23 16:40,28528.8,406,206,200
2019.12.23 17:05,28538.3,427,210,217
2019.12.23 17:20,28565.9,381,190,191
2019.12.23 18:00,28577.9,379,204,175
2019.12.23 18:10,28560.9,393,177,216
2019.12.23 18:40,28561.9,390,189,201
2019.12.23 18:50,28574.4,373,194,179
2019.12.23 19:50,28554.9,421,198,223
2019.12.23 21:10,28563.4,374,190,184
2019.12.23 21:30,28561.9,377,185,192
2019.12.23 22:10,28566.9,364,186,178
2019.12.23 22:20,28554.9,413,192,221
2019.12.23 23:55,28562.9,368,189,179
2019.12.24 00:10,28555.0,404,189,215
2019.12.24 00:15,28555.6,402,186,216
2019.12.24 02:45,28563.7,363,181,182
2019.12.24 04:05,28546.7,418,204,214
2019.12.24 04:15,28557.7,398,193,205
2019.12.24 04:20,28553.2,380,180,200
2019.12.24 06:10,28555.2,376,178,198
2019.12.24 06:20,28558.2,386,182,204
2019.12.24 06:55,28560.7,364,164,200
2019.12.24 08:05,28561.7,359,174,185
2019.12.24 08:30,28563.7,357,178,179
2019.12.24 08:35,28565.7,350,175,175
2019.12.24 08:50,28565.2,350,188,162
2019.12.24 13:00,28574.4,367,191,176
2019.12.24 13:55,28576.4,370,195,175
2019.12.24 14:50,28585.9,427,227,200
2019.12.24 16:25,28579.9,395,206,189
2019.12.24 16:50,28507.3,346,189,157
2019.12.24 17:00,28538.8,433,209,224
2019.12.24 17:40,28539.8,442,220,222
2019.12.24 18:15,28535.3,402,200,202
2019.12.24 18:40,28519.8,375,185,190
2019.12.24 18:45,28526.8,381,189,192
2019.12.24 19:05,28501.8,333,173,160
2019.12.24 19:40,28504.5,337,187,150
2019.12.24 20:05,28519.0,378,192,186
2019.12.26 01:15,28526.9,379,188,191
2019.12.26 01:20,28521.4,380,196,184
2019.12.26 02:15,28540.4,432,217,215
2019.12.26 02:20,28532.4,396,192,204
2019.12.26 02:25,28543.4,406,194,212
2019.12.26 02:30,28533.4,388,194,194
2019.12.26 02:35,28542.9,415,207,208
2019.12.26 02:40,28536.4,404,198,206
2019.12.26 03:05,28532.4,395,191,204
2019.12.26 04:55,28544.4,415,214,201
2019.12.26 05:10,28541.4,418,201,217
2019.12.26 05:15,28537.9,394,193,201
2019.12.26 06:00,28542.4,411,203,208
2019.12.26 07:45,28538.4,407,202,205
2019.12.26 09:15,28550.4,364,180,184
2019.12.26 09:20,28543.4,393,188,205
2019.12.26 09:50,28551.4,367,180,187
2019.12.26 11:05,28544.6,404,210,194
2019.12.26 11:15,28541.1,400,195,205
2019.12.26 12:50,28548.1,382,174,208
2019.12.26 14:30,28546.6,383,186,197
2019.12.26 15:00,28542.1,386,190,196
2019.12.26 15:15,28527.6,381,191,190
2019.12.26 15:55,28542.6,381,185,196
2019.12.26 16:00,28533.1,387,192,195
2019.12.26 16:10,28546.1,382,191,191
2019.12.26 16:15,28533.1,386,191,195
2019.12.26 16:20,28541.1,387,191,196
2019.12.26 16:45,28567.5,339,174,165
2019.12.26 16:55,28546.5,378,183,195
2019.12.26 17:35,28567.5,338,174,164
2019.12.26 18:25,28594.5,387,177,210
2019.12.26 18:45,28585.5,418,223,195
2019.12.26 20:05,28561.6,335,159,176
2019.12.26 21:40,28563.6,330,169,161
2019.12.26 22:20,28565.8,326,167,159
2019.12.26 23:30,28631.9,341,179,162
2019.12.27 00:00,28608.9,316,154,162
2019.12.27 00:05,28611.2,316,155,161
2019.12.27 03:15,28662.7,355,173,182
2019.12.27 03:25,28651.7,391,190,201
2019.12.27 04:30,28684.7,386,214,172
2019.12.27 04:35,28674.2,300,170,130
2019.12.27 05:05,28676.7,314,174,140
2019.12.27 05:45,28680.7,325,178,147
2019.12.27 06:05,28678.7,313,174,139
2019.12.27 07:40,28670.2,299,155,144
2019.12.27 08:00,28678.7,308,171,137
2019.12.27 10:50,28713.4,395,195,200
2019.12.27 11:20,28692.4,388,202,186
2019.12.27 11:45,28696.4,385,184,201
2019.12.27 11:50,28683.4,335,185,150
2019.12.27 13:00,28730.4,332,161,171
2019.12.27 13:20,28725.4,349,177,172
2019.12.27 14:00,28716.9,389,188,201
2019.12.27 15:15,28728.4,331,163,168
2019.12.27 15:25,28712.4,382,188,194
2019.12.27 15:30,28720.4,348,164,184
2019.12.27 16:00,28690.4,370,200,170
2019.12.27 16:05,28702.4,358,184,174
2019.12.27 16:20,28698.9,373,176,197
2019.12.27 17:00,28617.2,321,167,154
2019.12.27 18:20,28699.5,382,182,200
2019.12.27 19:05,28672.0,273,139,134
2019.12.27 19:50,28688.2,362,193,169
2019.12.27 19:55,28677.2,290,163,127
2019.12.27 20:05,28687.7,356,190,166
2019.12.27 20:30,28662.2,340,159,181
2019.12.27 20:35,28677.2,287,163,124
2019.12.27 20:50,28660.2,356,177,179
2019.12.27 21:40,28689.2,360,191,169
2019.12.27 22:30,28658.2,363,171,192
2019.12.27 22:35,28668.7,279,133,146
2019.12.27 22:50,28611.2,312,152,160
2019.12.27 22:55,28651.2,402,193,209
2019.12.30 02:10,28636.1,349,186,163
2019.12.30 02:35,28641.1,386,202,184
2019.12.30 03:10,28654.1,371,178,193
2019.12.30 03:15,28649.1,395,190,205
2019.12.30 03:20,28655.6,352,167,185
2019.12.30 04:10,28665.1,295,137,158
2019.12.30 05:25,28671.1,270,138,132
2019.12.30 07:40,28647.1,390,203,187
2019.12.30 07:55,28657.1,347,159,188
2019.12.30 09:10,28657.1,346,159,187
2019.12.30 09:15,28650.1,385,179,206
2019.12.30 09:20,28658.1,348,162,186
2019.12.30 09:50,28640.1,375,206,169
2019.12.30 10:10,28641.3,380,200,180
2019.12.30 10:30,28670.8,264,134,130
2019.12.30 10:40,28655.8,337,165,172
2019.12.30 10:45,28667.3,270,123,147
2019.12.30 12:15,28639.8,372,204,168
2019.12.30 12:50,28644.8,375,182,193
2019.12.30 13:10,28631.8,329,173,156
2019.12.30 14:45,28637.8,351,189,162
2019.12.30 14:50,28645.3,361,179,182
2019.12.30 15:25,28654.8,335,164,171
2019.12.30 15:30,28642.8,373,196,177
2019.12.30 15:55,28659.8,332,161,171
2019.12.30 16:00,28649.3,367,177,190
2019.12.30 17:25,28423.9,351,169,182
2019.12.30 18:05,28453.7,378,183,195
2019.12.30 18:20,28503.7,331,173,158
2019.12.30 19:15,28550.7,357,176,181
2019.12.30 19:20,28535.7,371,182,189
2019.12.30 19:35,28566.7,319,169,150
2019.12.30 19:40,28553.8,357,163,194
2019.12.30 19:50,28567.8,321,160,161
2019.12.30 20:55,28532.8,375,183,192
2019.12.30 22:20,28500.9,325,167,158
2019.12.30 23:20,28463.1,385,178,207
2019.12.30 23:35,28471.0,345,163,182
2019.12.31 00:10,28456.4,388,189,199
2019.12.31 01:10,28482.8,294,159,135
2019.12.31 01:15,28475.3,310,154,156
2019.12.31 01:20,28481.8,302,161,141
2019.12.31 01:25,28477.3,301,153,148
2019.12.31 01:30,28481.8,301,161,140
2019.12.31 01:55,28487.3,284,142,142
2019.12.31 02:40,28491.8,283,155,128
2019.12.31 05:35,28489.8,268,145,123
2019.12.31 06:05,28500.8,313,160,153
2019.12.31 06:15,28494.8,288,142,146
2019.12.31 06:50,28495.8,301,150,151
2019.12.31 08:45,28498.8,305,156,149
2019.12.31 09:45,28477.8,300,155,145
2019.12.31 11:20,28480.5,292,156,136
2019.12.31 11:30,28491.5,274,144,130
2019.12.31 11:40,28478.5,288,146,142
2019.12.31 12:45,28497.5,293,152,141
2019.12.31 13:00,28508.5,331,174,157
2019.12.31 13:55,28457.5,379,182,197
2019.12.31 14:00,28472.5,321,149,172
2019.12.31 14:30,28463.5,370,166,204
2019.12.31 14:50,28431.5,345,168,177
2019.12.31 15:15,28448.5,370,185,185
2019.12.31 16:10,28416.5,368,172,196
2019.12.31 17:05,28425.9,321,160,161
2019.12.31 17:30,28401.9,370,169,201
2019.12.31 17:35,28424.9,344,167,177
2019.12.31 17:50,28377.9,358,178,180
2019.12.31 19:20,28390.9,361,181,180
2019.12.31 20:10,28419.8,358,165,193
2019.12.31 20:55,28422.8,341,168,173
2019.12.31 21:00,28414.8,353,168,185
2019.12.31 21:05,28424.8,335,163,172
2019.12.31 21:15,28408.8,354,165,189
2019.12.31 21:45,28438.8,341,165,176
2019.12.31 23:20,28549.8,347,168,179
2020.01.02 01:00,28556.1,357,165,192
2020.01.02 01:40,28588.6,420,200,220
2020.01.02 02:55,28595.1,383,173,210
2020.01.02 03:05,28613.6,305,160,145
2020.01.02 03:20,28578.1,357,192,165
2020.01.02 05:30,28614.6,307,159,148
2020.01.02 06:30,28617.6,294,153,141
2020.01.02 08:10,28610.1,293,149,144
2020.01.02 08:25,28616.6,307,163,144
2020.01.02 09:35,28642.6,364,193,171
2020.01.02 09:40,28635.6,330,174,156
2020.01.02 11:45,28677.3,274,152,122
2020.01.02 12:00,28694.8,372,190,182
2020.01.02 12:10,28683.3,301,168,133
2020.01.02 12:45,28708.8,358,190,168
2020.01.02 13:30,28671.3,262,135,127
2020.01.02 13:45,28671.8,258,131,127
2020.01.02 14:30,28697.3,365,178,187
2020.01.02 15:05,28701.3,357,178,179
2020.01.02 15:20,28701.3,356,178,178
2020.01.02 15:45,28702.3,358,184,174
2020.01.02 16:45,28737.7,287,132,155
2020.01.02 16:50,28699.2,361,170,191
2020.01.02 16:55,28727.7,335,168,167
2020.01.02 17:20,28612.7,284,153,131
2020.01.02 17:35,28658.2,326,153,173
2020.01.02 18:00,28710.1,362,183,179
2020.01.02 18:05,28692.1,342,181,161
2020.01.02 18:25,28708.1,357,187,170
2020.01.02 18:35,28662.1,291,137,154
2020.01.02 19:30,28714.1,378,189,189
2020.01.02 19:40,28736.1,291,142,149
2020.01.02 19:45,28720.1,335,153,182
2020.01.02 20:40,28701.7,343,169,174
2020.01.02 20:45,28717.7,368,175,193
2020.01.02 20:50,28704.7,337,166,171
2020.01.02 21:50,28776.7,258,121,137
2020.01.02 21:55,28766.7,211,108,103
2020.01.02 23:05,28879.8,225,114,111
2020.01.02 23:15,28864.3,179,86,93
2020.01.03 01:10,28909.8,221,122,99
2020.01.03 01:30,28911.8,226,121,105
2020.01.03 04:45,28674.8,255,143,112
2020.01.03 05:40,28648.8,343,174,169
2020.01.03 06:15,28663.8,283,136,147
2020.01.03 06:40,28714.8,354,170,184
2020.01.03 07:35,28690.3,318,176,142
2020.01.03 08:15,28646.3,334,166,168
2020.01.03 08:20,28658.8,305,148,157
2020.01.03 08:25,28647.8,331,169,162
2020.01.03 08:55,28674.8,243,139,104
2020.01.03 09:20,28650.3,330,153,177
2020.01.03 10:00,28556.5,352,164,188
2020.01.03 10:45,28604.5,308,146,162
2020.01.03 10:50,28629.5,307,169,138
2020.01.03 11:45,28564.5,305,160,145
2020.01.03 13:50,28534.5,361,174,187
2020.01.03 14:20,28598.0,347,154,193
2020.01.03 14:40,28581.0,374,193,181
2020.01.03 14:45,28592.5,373,181,192
2020.01.03 15:20,28660.5,285,139,146
2020.01.03 15:40,28610.0,273,138,135
2020.01.03 15:45,28638.5,327,176,151
2020.01.03 17:15,28670.9,236,119,117
2020.01.03 17:20,28611.9,265,133,132
2020.01.03 19:05,28711.9,350,175,175
2020.01.03 19:20,28673.9,230,131,99
2020.01.03 19:50,28716.3,360,173,187
2020.01.03 19:55,28692.3,325,175,150
2020.01.03 20:25,28708.3,329,178,151
2020.01.03 20:50,28670.3,237,120,117
2020.01.03 23:25,28626.2,266,141,125
2020.01.03 23:30,28635.0,298,152,146
2020.01.03 23:50,28631.0,282,149,133
2020.01.06 01:20,28532.3,369,178,191
2020.01.06 01:30,28503.8,302,158,144
2020.01.06 02:05,28540.8,371,190,181
2020.01.06 02:25,28517.8,349,177,172
2020.01.06 02:30,28531.8,358,172,186
2020.01.06 05:25,28519.3,330,165,165
2020.01.06 06:05,28525.3,334,170,164
2020.01.06 06:25,28573.8,333,171,162
2020.01.06 06:35,28555.8,344,155,189
2020.01.06 06:40,28562.3,305,151,154
2020.01.06 06:50,28550.8,343,167,176
2020.01.06 07:00,28565.8,305,156,149
2020.01.06 07:20,28543.8,364,179,185
2020.01.06 07:25,28551.8,344,168,176
2020.01.06 08:15,28496.8,270,137,133
2020.01.06 08:30,28519.8,321,160,161
2020.01.06 09:10,28507.3,293,156,137
2020.01.06 12:35,28453.0,355,175,180
2020.01.06 12:40,28470.5,325,149,176
2020.01.06 12:45,28442.5,338,170,168
2020.01.06 13:05,28446.5,354,163,191
2020.01.06 13:10,28464.0,349,157,192
2020.01.06 13:25,28469.0,326,154,172
2020.01.06 14:15,28489.5,255,139,116
2020.01.06 14:20,28474.5,297,145,152
2020.01.06 15:25,28475.5,284,144,140
2020.01.06 16:50,28526.4,320,168,152
2020.01.06 18:00,28538.6,362,176,186
2020.01.06 18:25,28575.6,338,174,164
2020.01.06 18:30,28602.6,301,138,163
2020.01.06 19:10,28591.6,378,183,195
2020.01.06 19:55,28575.6,325,168,157
2020.01.06 20:50,28636.6,291,153,138
2020.01.06 21:00,28619.1,262,139,123
2020.01.06 21:15,28665.6,225,108,117
2020.01.06 21:45,28617.1,266,138,128
2020.01.06 22:15,28650.6,286,128,158
2020.01.06 23:00,28732.5,297,144,153
2020.01.07 00:10,28655.8,261,125,136
2020.01.07 00:30,28667.2,226,107,119
2020.01.07 00:40,28656.0,262,126,136
2020.01.07 03:30,28690.0,299,168,131
2020.01.07 04:05,28728.0,314,157,157
2020.01.07 04:10,28718.0,344,162,182
2020.01.07 04:25,28731.0,310,148,162
2020.01.07 04:45,28705.0,307,153,154
2020.01.07 05:25,28706.0,310,161,149
2020.01.07 07:05,28744.5,232,113,119
2020.01.07 07:35,28727.5,317,161,156
2020.01.07 09:10,28752.0,196,93,103
2020.01.07 10:40,28725.2,306,154,152
2020.01.07 10:50,28768.7,215,119,96
2020.01.07 11:30,28732.2,285,136,149
2020.01.07 12:45,28687.2,289,161,128
2020.01.07 13:05,28719.7,308,142,166
2020.01.07 13:30,28684.7,265,147,118
2020.01.07 13:35,28694.7,286,144,142
2020.01.07 13:55,28674.2,208,118,90
2020.01.07 14:15,28681.2,226,131,95
2020.01.07 15:25,28696.7,286,143,143
2020.01.07 16:00,28626.7,246,134,112
2020.01.07 16:35,28656.6,251,109,142
2020.01.07 16:50,28563.1,296,153,143
2020.01.07 17:15,28630.1,259,146,113
2020.01.07 18:25,28684.5,251,142,109
2020.01.07 19:10,28582.5,354,181,173
2020.01.07 20:20,28612.8,246,131,115
2020.01.07 21:15,28580.3,343,176,167
2020.01.07 21:40,28579.8,341,169,172
2020.01.07 22:20,28636.4,270,140,130
2020.01.07 23:05,28551.3,337,163,174
2020.01.07 23:10,28569.3,299,148,151
2020.01.07 23:35,28481.5,268,141,127
2020.01.07 23:55,28546.5,346,167,179
2020.01.08 00:20,28531.7,340,165,175
2020.01.08 01:55,28342.8,381,168,213
2020.01.08 02:15,28195.3,437,221,216
2020.01.08 02:20,28229.3,294,154,140
2020.01.08 03:05,28257.8,383,196,187
2020.01.08 03:15,28197.3,421,209,212
2020.01.08 03:20,28243.3,353,183,170
2020.01.08 04:15,28423.3,327,160,167
2020.01.08 05:15,28454.8,333,153,180
2020.01.08 05:20,28482.3,255,138,117
2020.01.08 05:35,28369.8,316,169,147
2020.01.08 05:40,28406.8,327,160,167
2020.01.08 05:45,28381.3,359,175,184
2020.01.08 06:10,28435.3,317,162,155
2020.01.08 06:30,28399.3,354,169,185
2020.01.08 06:35,28408.8,334,157,177
2020.01.08 07:30,28379.3,360,183,177
2020.01.08 07:55,28351.3,347,157,190
2020.01.08 08:00,28375.3,335,174,161
2020.01.08 08:05,28355.8,314,136,178
2020.01.08 08:35,28377.8,344,172,172
2020.01.08 08:50,28385.8,349,184,165
2020.01.08 09:15,28427.8,301,153,148
2020.01.08 10:35,28470.0,299,140,159
2020.01.08 11:10,28476.5,266,133,133
2020.01.08 11:15,28458.0,318,154,164
2020.01.08 11:30,28455.0,317,150,167
2020.01.08 11:40,28477.0,264,136,128
2020.01.08 11:55,28498.5,265,135,130
2020.01.08 12:20,28524.0,310,160,150
2020.01.08 12:25,28500.0,257,129,128
2020.01.08 13:10,28533.0,338,169,169
2020.01.08 13:35,28595.0,318,138,180
2020.01.08 13:40,28570.0,298,147,151
2020.01.08 14:00,28538.5,344,168,176
2020.01.08 14:05,28560.0,303,136,167
2020.01.08 14:15,28535.0,333,161,172
2020.01.08 14:20,28551.0,327,163,164
2020.01.08 14:30,28526.5,309,164,145
2020.01.08 14:55,28584.0,346,186,160
2020.01.08 15:10,28555.0,324,148,176
2020.01.08 15:20,28599.0,294,131,163
2020.01.08 15:25,28567.0,282,144,138
2020.01.08 15:30,28587.0,353,181,172
2020.01.08 16:40,28604.4,261,121,140
2020.01.08 16:45,28574.4,303,157,146
2020.01.08 17:15,28653.0,263,120,143
2020.01.08 17:40,28611.0,238,112,126
2020.01.08 17:45,28571.5,292,146,146
2020.01.08 18:15,28671.5,197,97,100
2020.01.08 18:50,28813.0,192,98,94
2020.01.08 19:05,28803.0,206,103,103
2020.01.08 19:30,28806.0,199,100,99
2020.01.08 19:55,28801.0,215,108,107
2020.01.08 20:15,28763.0,192,99,93
2020.01.08 20:35,28793.0,230,112,118
2020.01.08 20:55,28759.0,195,101,94
2020.01.08 21:20,28799.0,229,111,118
2020.01.08 21:30,28778.0,238,112,126
2020.01.09 00:00,28792.9,212,105,107
2020.01.09 00:05,28797.7,215,109,106
2020.01.09 00:50,28796.3,207,103,104
2020.01.09 01:35,28784.8,230,104,126
2020.01.09 02:10,28839.3,170,90,80
2020.01.09 02:50,28822.8,189,94,95
2020.01.09 03:15,28813.8,176,84,92
2020.01.09 04:00,28825.8,179,94,85
2020.01.09 06:45,28827.8,174,90,84
2020.01.09 07:00,28834.8,166,85,81
2020.01.09 07:05,28820.8,162,82,80
2020.01.09 07:50,28858.8,161,84,77
2020.01.09 07:55,28841.8,178,88,90
2020.01.09 08:05,28856.8,169,85,84
2020.01.09 08:20,28840.8,176,86,90
2020.01.09 08:40,28856.8,168,85,83
2020.01.09 08:50,28841.8,175,85,90
2020.01.09 09:55,28910.8,215,122,93
2020.01.09 11:25,28879.5,218,113,105
2020.01.09 11:35,28893.5,252,139,113
2020.01.09 12:30,28876.5,210,111,99
2020.01.09 13:30,28899.5,235,119,116
2020.01.09 14:05,28891.5,232,123,109
2020.01.09 14:15,28914.5,221,112,109
2020.01.09 15:15,28880.5,201,107,94
2020.01.09 16:15,28892.5,229,132,97
2020.01.09 16:45,28847.9,165,79,86
2020.01.09 16:50,28881.9,198,102,96
2020.01.09 17:40,28931.8,149,78,71
2020.01.09 17:45,28908.8,194,101,93
2020.01.09 18:10,28909.8,196,108,88
2020.01.09 19:00,28984.8,141,77,64
2020.01.09 19:40,28880.0,197,102,95
2020.01.09 20:05,28930.0,142,72,70
2020.01.09 20:30,28929.0,144,78,66
2020.01.09 20:35,28916.0,178,90,88
2020.01.09 21:40,28967.5,136,67,69
2020.01.09 22:10,28930.0,135,67,68
2020.01.09 22:25,28925.0,142,65,77
2020.01.09 22:30,28947.5,117,63,54
2020.01.09 22:35,28928.5,135,70,65
2020.01.09 23:05,28970.4,132,59,73
2020.01.09 23:25,28952.2,121,66,55
2020.01.09 23:30,28962.6,139,73,66
2020.01.09 23:35,28954.6,128,66,62
2020.01.09 23:40,28962.6,138,73,65
2020.01.09 23:45,28956.6,133,71,62
2020.01.10 01:00,28974.4,135,70,65
2020.01.10 01:10,28958.9,133,72,61
2020.01.10 01:35,28978.4,135,65,70
2020.01.10 01:40,28984.4,139,75,64
2020.01.10 01:45,28979.4,134,64,70
2020.01.10 03:05,29026.4,163,86,77
2020.01.10 03:45,29004.9,155,78,77
2020.01.10 03:55,29020.4,146,77,69
2020.01.10 05:05,29027.9,158,83,75
2020.01.10 06:00,29035.4,173,98,75
2020.01.10 06:35,29040.9,179,96,83
2020.01.10 07:10,29024.4,147,78,69
2020.01.10 08:15,29055.4,176,103,73
2020.01.10 08:50,29032.4,147,80,67
2020.01.10 09:10,29047.4,160,81,79
2020.01.10 09:40,29020.4,140,72,68
2020.01.10 09:55,29033.4,148,84,64
2020.01.10 10:25,28996.1,153,76,77
2020.01.10 10:30,29009.6,137,59,78
2020.01.10 12:30,29031.1,142,74,68
2020.01.10 14:25,29011.6,127,61,66
2020.01.10 15:55,29002.1,131,68,63
2020.01.10 16:10,28983.1,123,65,58
2020.01.10 16:35,28924.5,145,63,82
2020.01.10 17:05,29006.5,131,67,64
2020.01.10 17:35,28963.3,130,67,63
2020.01.10 17:50,28951.8,114,60,54
2020.01.10 18:05,28954.3,116,59,57
2020.01.10 18:10,28970.8,115,52,63
2020.01.10 18:30,28877.3,184,93,91
2020.01.10 18:35,28910.3,186,106,80
2020.01.10 19:45,28902.6,200,101,99
2020.01.10 20:25,28905.6,181,93,88
2020.01.10 20:45,28926.1,137,65,72
2020.01.10 21:55,28870.6,177,90,87
2020.01.10 22:25,28859.9,154,74,80
2020.01.10 22:40,28786.4,214,102,112
2020.01.10 23:10,28815.8,163,75,88
2020.01.10 23:45,28806.0,172,82,90
2020.01.13 01:10,28839.8,155,77,78
2020.01.13 01:15,28857.8,147,72,75
2020.01.13 02:00,28836.8,160,78,82
2020.01.13 02:05,28853.8,142,79,63
2020.01.13 02:10,28842.3,159,69,90
2020.01.13 02:15,28852.8,144,78,66
2020.01.13 03:25,28902.8,198,96,102
2020.01.13 03:35,28873.3,182,99,83
2020.01.13 03:50,28890.8,209,114,95
2020.01.13 04:00,28858.8,139,69,70
2020.01.13 04:35,28886.8,209,115,94
2020.01.13 05:05,28898.8,209,112,97
2020.01.13 05:45,28892.8,205,115,90
2020.01.13 07:15,28900.8,191,99,92
2020.01.13 07:45,28894.8,200,103,97
2020.01.13 07:50,28890.8,198,106,92
2020.01.13 08:05,28902.8,197,96,101
2020.01.13 08:10,28895.3,206,104,102
2020.01.13 08:15,28901.8,190,96,94
2020.01.13 08:25,28891.8,193,103,90
2020.01.13 08:55,28891.8,192,102,90
2020.01.13 10:45,28910.5,176,99,77
2020.01.13 11:00,28900.5,178,90,88
2020.01.13 11:10,28924.5,140,63,77
2020.01.13 12:15,28922.5,141,63,78
2020.01.13 12:50,28927.5,130,61,69
2020.01.13 14:25,28897.5,183,88,95
2020.01.13 14:40,28902.5,179,91,88
2020.01.13 14:50,28885.5,176,97,79
2020.01.13 15:55,28890.5,180,96,84
2020.01.13 16:05,28906.5,162,88,74
2020.01.13 17:20,28824.8,163,80,83
2020.01.13 17:25,28860.8,141,65,76
2020.01.13 17:30,28834.8,151,75,76
2020.01.13 18:10,28872.8,162,81,81
2020.01.13 18:15,28887.3,178,93,85
2020.01.13 19:00,28903.3,176,89,87
2020.01.13 19:05,28889.8,176,93,83
2020.01.13 20:00,28880.4,157,84,73
2020.01.13 20:05,28890.9,175,96,79
2020.01.13 20:15,28873.4,164,88,76
2020.01.13 20:20,28884.4,156,90,66
2020.01.13 21:00,28855.4,127,70,57
2020.01.13 21:10,28876.9,150,74,76
2020.01.13 21:15,28865.4,132,66,66
2020.01.13 21:55,28887.9,169,96,73
2020.01.13 22:15,28863.9,131,61,70
2020.01.13 22:20,28872.0,143,70,73
2020.01.13 23:30,28903.1,172,87,85
2020.01.13 23:35,28918.1,146,76,70
2020.01.14 00:25,28887.2,164,89,75
2020.01.14 00:40,28896.8,162,79,83
2020.01.14 01:25,28924.9,126,58,68
2020.01.14 02:20,28973.9,119,58,61
2020.01.14 02:40,28950.9,108,57,51
2020.01.14 03:05,28944.9,104,51,53
2020.01.14 03:55,28935.9,112,58,54
2020.01.14 04:00,28943.4,95,48,47
2020.01.14 04:10,28926.4,123,59,64
2020.01.14 04:40,28948.9,97,53,44
2020.01.14 05:30,28890.4,165,92,73
2020.01.14 05:40,28905.9,151,79,72
2020.01.14 07:00,28900.9,142,70,72
2020.01.14 07:20,28917.4,135,66,69
2020.01.14 08:10,28900.9,139,69,70
2020.01.14 09:30,28889.9,163,88,75
2020.01.14 12:05,28907.6,135,76,59
2020.01.14 13:05,28902.1,142,74,68
2020.01.14 13:15,28841.6,146,65,81
2020.01.14 13:35,28856.1,122,61,61
2020.01.14 14:50,28892.6,151,82,69
2020.01.14 15:10,28919.6,126,59,67
2020.01.14 15:50,28938.6,97,51,46
2020.01.14 16:20,28930.6,106,56,50
2020.01.14 16:30,28870.0,128,61,67
2020.01.14 16:45,28929.0,101,57,44
2020.01.14 17:15,28930.0,105,53,52
2020.01.14 17:20,28898.0,130,60,70
2020.01.14 17:45,28982.0,112,58,54
2020.01.14 17:55,28926.0,98,51,47
2020.01.14 18:20,29012.1,121,59,62
2020.01.14 18:25,28992.6,129,73,56
2020.01.14 18:35,29017.6,125,65,60
2020.01.14 18:40,28998.1,136,67,69
2020.01.14 19:05,29012.6,118,57,61
2020.01.14 19:35,29038.1,161,88,73
2020.01.14 19:40,29025.0,128,68,60
2020.01.14 20:05,29048.5,155,77,78
2020.01.14 20:10,29029.5,128,69,59
2020.01.14 22:15,28909.5,102,55,47
2020.01.14 22:20,28942.7,84,44,40
2020.01.14 22:40,28939.7,86,46,40
2020.01.14 22:50,28895.7,136,60,76
2020.01.14 23:10,28971.6,100,47,53
2020.01.14 23:25,28952.5,87,46,41
2020.01.15 00:00,28961.6,97,54,43
2020.01.15 02:00,28880.1,134,72,62
2020.01.15 02:25,28917.1,90,49,41
2020.01.15 03:15,28909.6,92,48,44
2020.01.15 03:40,28950.1,82,42,40
2020.01.15 04:05,28906.6,91,45,46
2020.01.15 04:10,28918.6,87,47,40
2020.01.15 05:05,28881.6,125,64,61
2020.01.15 05:10,28894.6,124,63,61
2020.01.15 05:25,28873.6,139,71,68
2020.01.15 05:45,28897.6,115,52,63
2020.01.15 06:00,28889.6,131,70,61
2020.01.15 06:05,28898.6,116,58,58
2020.01.15 06:20,28886.6,135,73,62
2020.01.15 06:25,28895.1,117,58,59
2020.01.15 06:30,28882.6,130,64,66
2020.01.15 06:55,28900.6,107,53,54
2020.01.15 07:25,28888.6,124,67,57
2020.01.15 07:55,28912.6,93,47,46
2020.01.15 08:05,28896.6,110,54,56
2020.01.15 08:25,28910.6,87,47,40
2020.01.15 09:35,28938.6,77,44,33
2020.01.15 10:45,28936.3,76,43,33
2020.01.15 11:05,28907.3,83,40,43
2020.01.15 11:30,28906.3,86,40,46
2020.01.15 11:45,28925.3,69,39,30
2020.01.15 11:50,28910.8,77,40,37
2020.01.15 12:50,28922.3,67,36,31
2020.01.15 13:20,28949.3,78,42,36
2020.01.15 14:05,28942.3,72,39,33
2020.01.15 14:15,28954.3,77,40,37
2020.01.15 15:00,28938.3,70,38,32
2020.01.15 15:05,28947.3,70,38,32
2020.01.15 16:25,28889.3,119,63,56
2020.01.15 18:00,29129.8,179,83,96
2020.01.15 18:10,29059.3,181,102,79
2020.01.15 18:20,29098.3,270,131,139
2020.01.15 19:00,29074.3,213,123,90
2020.01.15 19:25,29109.3,252,119,133
2020.01.15 20:40,29064.8,201,116,85
2020.01.15 20:55,29027.3,122,66,56
2020.01.15 21:30,29107.8,248,113,135
2020.01.15 23:50,29073.9,210,122,88
2020.01.16 00:35,29074.8,214,126,88
2020.01.16 01:35,29095.7,256,122,134
2020.01.16 01:40,29110.7,238,110,128
2020.01.16 02:15,29101.7,248,115,133
2020.01.16 02:25,29085.2,268,124,144
2020.01.16 03:10,29083.7,263,129,134
2020.01.16 03:20,29096.7,247,120,127
2020.01.16 03:35,29073.7,203,117,86
2020.01.16 03:40,29085.7,263,119,144
2020.01.16 03:45,29076.7,230,126,104
2020.01.16 04:00,29100.7,243,115,128
2020.01.16 04:20,29094.7,249,117,132
2020.01.16 04:40,29077.7,232,118,114
2020.01.16 05:15,29071.7,202,106,96
2020.01.16 05:25,29086.2,257,113,144
2020.01.16 05:45,29078.2,235,119,116
2020.01.16 06:25,29101.7,247,115,132
2020.01.16 06:40,29094.7,247,115,132
2020.01.16 07:20,29101.2,239,114,125
2020.01.16 07:55,29121.7,181,78,103
2020.01.16 08:10,29110.2,236,112,124
2020.01.16 08:15,29114.7,209,102,107
2020.01.16 08:40,29103.7,245,109,136
2020.01.16 09:00,29113.7,222,109,113
2020.01.16 09:15,29097.2,237,118,119
2020.01.16 11:20,29157.4,205,117,88
2020.01.16 11:35,29148.4,206,109,97
2020.01.16 11:50,29129.4,173,79,94
2020.01.16 11:55,29140.4,202,104,98
2020.01.16 12:25,29131.4,170,80,90
2020.01.16 13:00,29153.4,196,100,96
2020.01.16 13:25,29143.4,203,95,108
2020.01.16 13:30,29132.4,164,81,83
2020.01.16 14:05,29145.4,211,104,107
2020.01.16 14:10,29158.9,212,119,93
2020.01.16 14:45,29150.4,198,102,96
2020.01.16 14:55,29129.4,168,75,93
2020.01.16 15:25,29139.4,177,96,81
2020.01.16 15:40,29161.4,205,110,95
2020.01.16 16:00,29148.4,189,100,89
2020.01.16 16:20,29157.4,197,113,84
2020.01.16 16:50,29144.3,197,95,102
2020.01.16 17:15,29199.8,235,125,110
2020.01.16 17:20,29169.8,191,107,84
2020.01.16 18:05,29211.3,253,132,121
2020.01.16 18:50,29207.8,241,134,107
2020.01.16 19:35,29200.3,222,114,108
2020.01.16 20:25,29198.8,221,118,103
2020.01.16 20:30,29184.8,213,98,115
2020.01.16 21:45,29198.8,219,116,103
2020.01.16 23:50,29291.3,359,184,175
2020.01.17 00:10,29286.9,389,203,186
2020.01.17 00:15,29291.3,357,184,173
2020.01.17 01:25,29321.1,459,231,228
2020.01.17 01:30,29332.1,445,220,225
2020.01.17 01:35,29321.6,465,234,231
2020.01.17 01:40,29331.6,450,226,224
2020.01.17 02:10,29316.1,459,217,242
2020.01.17 02:15,29327.6,457,240,217
2020.01.17 02:45,29323.1,471,227,244
2020.01.17 02:50,29331.1,439,222,217
2020.01.17 03:10,29326.1,454,235,219
2020.01.17 04:25,29324.6,450,227,223
2020.01.17 04:30,29333.1,439,206,233
2020.01.17 04:50,29317.1,452,219,233
2020.01.17 04:55,29325.1,450,227,223
2020.01.17 05:05,29314.1,454,222,232
2020.01.17 05:30,29327.1,445,235,210
2020.01.17 05:40,29320.1,446,230,216
2020.01.17 05:45,29325.1,446,227,219
2020.01.17 06:00,29315.1,445,209,236
2020.01.17 06:05,29321.1,437,221,216
2020.01.17 07:25,29310.1,456,221,235
2020.01.17 08:00,29328.1,447,235,212
2020.01.17 08:05,29319.1,441,228,213
2020.01.17 08:10,29327.6,444,234,210
2020.01.17 08:20,29317.1,441,212,229
2020.01.17 09:05,29332.6,437,212,225
2020.01.17 09:50,29330.6,434,225,209
2020.01.17 10:20,29371.3,361,182,179
2020.01.17 10:25,29356.3,385,201,184
2020.01.17 10:40,29378.8,347,170,177
2020.01.17 11:05,29348.8,358,189,169
2020.01.17 12:15,29377.3,351,170,181
2020.01.17 12:35,29362.8,333,181,152
2020.01.17 12:40,29353.8,361,181,180
2020.01.17 12:55,29351.8,364,182,182
2020.01.17 13:25,29362.8,332,181,151
2020.01.17 13:30,29354.8,364,184,180
2020.01.17 13:50,29355.8,369,187,182
2020.01.17 13:55,29361.3,342,187,155
2020.01.17 14:05,29349.8,348,186,162
2020.01.17 14:10,29357.8,354,181,173
2020.01.17 15:05,29356.3,362,186,176
2020.01.17 15:15,29337.8,390,171,219
2020.01.17 15:45,29400.8,308,147,161
2020.01.17 15:55,29360.8,345,185,160
2020.01.17 16:25,29381.3,334,162,172
2020.01.17 17:15,29322.2,431,213,218
2020.01.17 17:30,29375.2,340,170,170
2020.01.17 17:45,29369.2,334,178,156
2020.01.17 17:55,29332.2,425,206,219
2020.01.17 18:00,29356.2,354,180,174
2020.01.17 19:05,29325.7,423,215,208
2020.01.17 20:00,29321.6,420,209,211
2020.01.17 20:55,29330.6,410,210,200
2020.01.17 21:05,29314.6,431,209,222
2020.01.17 21:15,29334.6,406,185,221
2020.01.17 21:25,29318.6,425,212,213
2020.01.17 22:00,29333.6,409,186,223
2020.01.17 22:10,29294.6,400,209,191
2020.01.17 22:15,29316.1,427,199,228
2020.01.17 22:20,29296.0,414,224,190
2020.01.17 22:30,29331.0,401,202,199
2020.01.17 22:40,29303.5,475,248,227
2020.01.17 22:55,29352.5,333,167,166
2020.01.20 01:15,29325.9,406,210,196
2020.01.20 01:20,29312.9,423,210,213
2020.01.20 01:35,29329.4,413,216,197
2020.01.20 01:45,29320.9,397,198,199
2020.01.20 03:20,29342.9,334,167,167
2020.01.20 04:10,29331.9,394,193,201
2020.01.20 05:20,29336.9,367,157,210
2020.01.20 05:50,29338.9,339,161,178
2020.01.20 05:55,29335.9,375,164,211
2020.01.20 06:45,29332.4,378,179,199
2020.01.20 06:50,29334.4,376,165,211
2020.01.20 06:55,29332.4,377,178,199
2020.01.20 07:05,29336.9,360,156,204
2020.01.20 07:10,29331.9,386,189,197
2020.01.20 07:55,29322.4,397,194,203
2020.01.20 08:50,29337.9,341,155,186
2020.01.20 10:55,29270.6,322,169,153
2020.01.20 11:05,29283.1,350,190,160
2020.01.20 11:15,29263.6,287,156,131
2020.01.20 12:35,29289.6,370,192,178
2020.01.20 13:15,29300.1,440,221,219
2020.01.20 13:40,29292.6,370,186,184
2020.01.20 14:00,29316.6,413,195,218
2020.01.20 14:25,29300.6,442,229,213
2020.01.20 14:40,29313.6,418,205,213
2020.01.20 15:05,29298.6,425,215,210
2020.01.20 15:15,29309.6,436,223,213
2020.01.20 16:00,29302.6,453,232,221
2020.01.20 16:40,29311.0,413,210,203
2020.01.20 17:25,29313.0,413,207,206
2020.01.20 17:45,29308.0,440,222,218
2020.01.20 17:50,29300.0,423,210,213
2020.01.20 18:10,29312.0,420,220,200
2020.01.20 18:15,29302.5,437,221,216
2020.01.20 18:55,29326.0,397,207,190
2020.01.20 19:05,29332.0,373,182,191
2020.01.20 19:30,29335.0,355,155,200
2020.01.20 19:45,29335.0,354,155,199
2020.01.20 19:50,29329.0,392,198,194
2020.01.20 20:50,29324.9,387,200,187
2020.01.20 20:55,29324.7,390,199,191
2020.01.20 22:35,29340.9,343,175,168
2020.01.20 23:00,29344.1,326,161,165
2020.01.20 23:30,29316.5,410,191,219
2020.01.21 00:00,29325.3,390,200,190
2020.01.21 01:45,29320.9,390,196,194
2020.01.21 02:30,29316.9,394,186,208
2020.01.21 03:20,29220.4,263,126,137
2020.01.21 03:25,29254.4,263,132,131
2020.01.21 03:40,29212.9,244,134,110
2020.01.21 03:45,29229.9,252,124,128
2020.01.21 03:55,29208.9,233,127,106
2020.01.21 05:20,29222.4,245,119,126
2020.01.21 05:45,29225.9,238,108,130
2020.01.21 06:10,29219.9,252,122,130
2020.01.21 06:30,29202.4,220,117,103
2020.01.21 07:40,29224.9,243,113,130
2020.01.21 07:50,29207.4,212,113,99
2020.01.21 08:10,29228.9,248,122,126
2020.01.21 08:15,29220.9,245,116,129
2020.01.21 08:30,29235.9,252,130,122
2020.01.21 09:45,29231.9,241,117,124
2020.01.21 10:20,29221.6,234,116,118
2020.01.21 11:50,29199.1,212,109,103
2020.01.21 12:10,29237.6,251,124,127
2020.01.21 12:25,29239.6,246,122,124
2020.01.21 12:40,29231.1,226,112,114
2020.01.21 12:45,29221.6,223,110,113
2020.01.21 13:00,29244.1,233,120,113
2020.01.21 13:05,29235.1,239,123,116
2020.01.21 13:10,29253.6,260,131,129
2020.01.21 13:25,29229.6,223,112,111
2020.01.21 13:40,29254.6,260,131,129
2020.01.21 13:45,29244.6,231,122,109
2020.01.21 14:20,29259.1,268,140,128
2020.01.21 14:30,29275.6,304,158,146
2020.01.21 14:45,29255.6,261,131,130
2020.01.21 14:50,29269.6,301,163,138
2020.01.21 15:00,29253.6,257,129,128
2020.01.21 15:05,29266.6,284,160,124
2020.01.21 15:15,29251.6,252,130,122
2020.01.21 15:25,29269.6,300,163,137
2020.01.21 15:40,29239.6,240,118,122
2020.01.21 15:50,29252.6,246,128,118
2020.01.21 15:55,29234.6,232,117,115
2020.01.21 17:20,29227.5,214,103,111
2020.01.21 17:35,29279.0,318,155,163
2020.01.21 18:20,29297.0,392,210,182
2020.01.21 18:25,29278.0,307,157,150
2020.01.21 18:30,29306.0,438,213,225
2020.01.21 18:35,29290.0,359,183,176
2020.01.21 18:55,29335.2,351,157,194
2020.01.21 20:05,29329.2,372,190,182
2020.01.21 20:20,29270.2,296,160,136
2020.01.21 20:25,29294.7,372,195,177
2020.01.21 21:15,29188.7,208,105,103
2020.01.21 21:40,29188.2,204,99,105
2020.01.21 22:50,29165.6,180,87,93
2020.01.21 23:10,29232.0,225,110,115
2020.01.21 23:35,29224.7,215,99,116
2020.01.21 23:40,29214.7,198,101,97
2020.01.22 00:00,29205.6,194,98,96
2020.01.22 00:10,29212.7,195,106,89
2020.01.22 00:35,29214.4,195,102,93
2020.01.22 01:10,29225.0,216,100,116
2020.01.22 01:35,29197.5,209,108,101
2020.01.22 01:50,29223.0,209,109,100
2020.01.22 02:30,29245.5,219,121,98
2020.01.22 02:40,29229.0,219,108,111
2020.01.22 02:55,29234.5,219,107,112
2020.01.22 03:00,29248.5,223,125,98
2020.01.22 03:05,29234.0,215,102,113
2020.01.22 03:20,29258.5,253,132,121
2020.01.22 03:25,29245.5,214,119,95
2020.01.22 03:30,29266.5,272,153,119
2020.01.22 04:05,29260.5,255,140,115
2020.01.22 04:10,29248.5,217,121,96
2020.01.22 05:15,29306.0,431,208,223
2020.01.22 05:30,29339.5,342,172,170
2020.01.22 05:35,29318.5,365,182,183
2020.01.22 05:40,29328.5,369,193,176
2020.01.22 05:55,29316.5,376,173,203
2020.01.22 06:35,29326.5,373,197,176
2020.01.22 06:40,29320.5,354,179,175
2020.01.22 06:45,29326.5,372,197,175
2020.01.22 08:20,29346.5,324,169,155
2020.01.22 08:50,29339.0,326,157,169
2020.01.22 09:30,29326.0,364,196,168
2020.01.22 10:10,29300.2,418,214,204
2020.01.22 10:50,29288.2,365,190,175
2020.01.22 11:05,29307.7,417,207,210
2020.01.22 11:15,29279.2,312,153,159
2020.01.22 11:20,29301.2,419,217,202
2020.01.22 11:30,29281.7,319,162,157
2020.01.22 12:00,29299.2,398,201,197
2020.01.22 13:50,29317.2,363,173,190
2020.01.22 14:20,29298.2,378,199,179
2020.01.22 15:40,29270.7,298,161,137
2020.01.22 16:45,29314.6,363,178,185
2020.01.22 17:05,29259.6,244,134,110
2020.01.22 18:35,29230.2,213,104,109
2020.01.22 19:25,29169.2,178,98,80
2020.01.22 20:10,29225.2,203,96,107
2020.01.22 20:40,29287.2,335,175,160
2020.01.22 21:25,29242.7,198,106,92
2020.01.22 21:45,29217.2,188,94,94
2020.01.22 22:35,29229.5,203,100,103
2020.01.22 22:45,29188.0,192,92,100
2020.01.22 22:50,29222.5,193,99,94
2020.01.22 23:30,29185.1,195,93,102
2020.01.23 00:15,29151.3,178,92,86
2020.01.23 01:40,29149.9,175,89,86
2020.01.23 02:05,29154.4,183,100,83
2020.01.23 02:20,29134.9,165,84,81
2020.01.23 02:25,29107.9,230,105,125
2020.01.23 02:35,29151.9,173,89,84
2020.01.23 02:40,29135.9,164,85,79
2020.01.23 03:25,29165.9,171,84,87
2020.01.23 03:55,29150.9,168,87,81
2020.01.23 04:05,29176.9,187,107,80
2020.01.23 04:45,29147.9,166,85,81
2020.01.23 04:55,29162.9,174,84,90
2020.01.23 05:00,29153.9,167,84,83
2020.01.23 05:05,29163.9,167,79,88
2020.01.23 05:20,29137.9,162,83,79
2020.01.23 05:25,29148.9,161,88,73
2020.01.23 06:00,29118.9,188,83,105
2020.01.23 06:35,29137.9,155,80,75
2020.01.23 06:40,29147.9,162,85,77
2020.01.23 07:40,29102.9,233,103,130
2020.01.23 08:00,29105.4,229,108,121
2020.01.23 08:10,29122.9,155,66,89
2020.01.23 09:10,29145.9,168,86,82
2020.01.23 09:15,29127.9,144,64,80
2020.01.23 10:10,29135.6,155,78,77
2020.01.23 10:20,29159.6,168,94,74
2020.01.23 10:40,29132.6,141,67,74
2020.01.23 11:15,29131.6,139,62,77
2020.01.23 11:35,29153.6,155,82,73
2020.01.23 11:50,29154.6,163,93,70
2020.01.23 12:30,29165.6,163,81,82
2020.01.23 12:35,29158.6,168,97,71
2020.01.23 12:40,29166.6,163,88,75
2020.01.23 12:50,29153.1,145,73,72
2020.01.23 13:00,29169.6,172,98,74
2020.01.23 13:20,29145.6,142,75,67
2020.01.23 13:35,29157.6,161,91,70
2020.01.23 13:45,29148.6,140,79,61
2020.01.23 13:55,29173.6,189,103,86
2020.01.23 14:15,29139.6,135,69,66
2020.01.23 14:20,29150.6,139,76,63
2020.01.23 14:40,29110.6,209,92,117
2020.01.23 14:45,29125.6,144,62,82
2020.01.23 14:55,29111.1,208,95,113
2020.01.23 15:00,29129.6,147,66,81
2020.01.23 15:50,29118.1,171,87,84
2020.01.23 16:15,29067.6,197,102,95
2020.01.23 17:25,29063.0,181,106,75
2020.01.23 17:35,29112.5,191,89,102
2020.01.23 18:25,28977.5,107,53,54
2020.01.23 18:35,29035.5,128,74,54
2020.01.23 18:50,28983.5,100,54,46
2020.01.23 19:30,29068.0,192,100,92
2020.01.23 19:40,29034.3,120,68,52
2020.01.23 19:50,29065.3,183,106,77
2020.01.23 20:00,29037.3,127,66,61
2020.01.23 20:25,29104.8,218,100,118
2020.01.23 20:30,29072.3,194,102,92
2020.01.23 21:20,29161.3,162,88,74
2020.01.23 21:25,29138.8,131,66,65
2020.01.23 21:35,29168.3,167,95,72
2020.01.23 21:40,29153.3,134,70,64
2020.01.23 22:00,29175.3,189,102,87
2020.01.23 22:30,29191.0,189,94,95
2020.01.23 22:40,29143.0,133,58,75
2020.01.23 22:45,29176.0,178,101,77
2020.01.23 22:50,29144.0,133,61,72
2020.01.23 23:10,29175.4,181,100,81
2020.01.24 00:15,29157.4,137,72,65
2020.01.24 00:20,29160.2,137,76,61
2020.01.24 01:25,29179.4,198,108,90
2020.01.24 02:50,29176.9,182,104,78
2020.01.24 03:10,29167.9,147,87,60
2020.01.24 03:20,29193.9,177,93,84
2020.01.24 03:55,29177.9,177,98,79
2020.01.24 04:10,29178.9,188,101,87
2020.01.24 04:15,29170.9,153,93,60
2020.01.24 05:05,29183.9,187,93,94
2020.01.24 05:20,29175.9,162,94,68
2020.01.24 05:30,29183.9,186,93,93
2020.01.24 05:35,29175.4,166,93,73
2020.01.24 05:40,29183.9,185,93,92
2020.01.24 06:40,29210.9,163,86,77
2020.01.24 07:20,29195.9,177,90,87
2020.01.24 07:30,29205.9,158,83,75
2020.01.24 08:40,29197.9,168,86,82
2020.01.24 09:25,29182.4,182,91,91
2020.01.24 11:10,29263.1,246,135,111
2020.01.24 12:55,29211.6,161,86,75
2020.01.24 13:15,29241.6,194,98,96
2020.01.24 14:00,29257.6,231,120,111
2020.01.24 14:55,29239.6,186,95,91
2020.01.24 15:20,29269.1,271,151,120
2020.01.24 15:55,29249.6,198,114,84
2020.01.24 16:05,29232.6,181,84,97
2020.01.24 17:00,29278.0,282,145,137
2020.01.24 17:45,29118.0,170,85,85
2020.01.24 18:30,29093.7,231,109,122
2020.01.24 18:35,29137.7,129,65,64
2020.01.24 19:40,29071.3,189,94,95
2020.01.24 20:20,29017.3,93,49,44
2020.01.24 21:20,28840.3,143,67,76
2020.01.24 22:20,29042.8,115,61,54
2020.01.24 22:40,28909.3,65,30,35
2020.01.24 22:55,29004.3,92,47,45
2020.01.24 23:00,28972.7,89,40,49
2020.01.24 23:05,29012.8,79,41,38
2020.01.24 23:45,28985.0,87,44,43
2020.01.27 01:15,28674.8,201,111,90
2020.01.27 01:20,28724.8,291,155,136
2020.01.27 01:35,28709.8,288,150,138
2020.01.27 01:45,28651.3,265,118,147
2020.01.27 02:30,28716.8,318,152,166
2020.01.27 03:10,28769.8,213,112,101
2020.01.27 03:15,28755.3,192,96,96
2020.01.27 03:25,28776.8,236,109,127
2020.01.27 03:55,28757.8,179,96,83
2020.01.27 04:45,28722.3,293,149,144
2020.01.27 05:25,28714.8,306,149,157
2020.01.27 05:45,28751.3,189,87,102
2020.01.27 06:15,28723.8,290,150,140
2020.01.27 06:45,28734.8,258,125,133
2020.01.27 07:15,28695.3,265,126,139
2020.01.27 08:25,28705.8,266,140,126
2020.01.27 08:45,28721.8,284,138,146
2020.01.27 09:05,28725.8,277,145,132
2020.01.27 10:10,28658.5,243,114,129
2020.01.27 11:55,28637.5,261,136,125
2020.01.27 12:20,28551.0,323,160,163
2020.01.27 13:30,28590.5,333,159,174
2020.01.27 14:10,28600.5,279,126,153
2020.01.27 14:15,28566.5,270,138,132
2020.01.27 14:20,28608.5,239,110,129
2020.01.27 14:35,28555.5,314,144,170
2020.01.27 15:25,28553.5,313,146,167
2020.01.27 15:40,28560.5,284,126,158
2020.01.27 15:45,28525.5,298,154,144
2020.01.27 15:50,28562.0,276,134,142
2020.01.27 16:55,28621.9,225,117,108
2020.01.27 17:05,28551.9,310,152,158
2020.01.27 17:20,28539.5,321,153,168
2020.01.27 17:55,28512.5,271,143,128
2020.01.27 18:05,28592.5,307,147,160
2020.01.27 18:50,28562.5,254,127,127
2020.01.27 18:55,28600.5,267,121,146
2020.01.27 19:00,28565.5,250,141,109
2020.01.27 19:30,28661.5,218,106,112
2020.01.27 19:45,28673.2,186,95,91
2020.01.27 19:55,28616.2,227,117,110
2020.01.27 20:10,28619.2,220,120,100
2020.01.27 21:15,28651.2,251,112,139
2020.01.27 21:20,28609.2,228,107,121
2020.01.27 21:30,28660.2,219,111,108
2020.01.27 22:05,28612.2,211,108,103
2020.01.27 22:10,28563.2,252,130,122
2020.01.27 22:20,28623.2,210,104,106
2020.01.27 22:35,28552.2,298,149,149
2020.01.27 23:05,28504.1,256,133,123
2020.01.27 23:10,28529.6,287,145,142
2020.01.27 23:15,28511.3,266,143,123
2020.01.27 23:45,28552.3,293,149,144
2020.01.28 00:40,28519.1,273,138,135
2020.01.28 00:50,28525.2,281,147,134
2020.01.28 01:10,28576.6,261,132,129
2020.01.28 01:15,28558.1,279,127,152
2020.01.28 01:45,28605.1,232,105,127
2020.01.28 01:55,28584.1,286,155,131
2020.01.28 02:05,28608.1,225,103,122
2020.01.28 02:15,28584.1,285,154,131
2020.01.28 02:20,28602.1,239,103,136
2020.01.28 02:40,28605.1,230,105,125
2020.01.28 02:55,28565.1,243,134,109
2020.01.28 03:30,28600.6,250,113,137
2020.01.28 03:45,28608.6,221,102,119
2020.01.28 03:50,28630.1,215,124,91
2020.01.28 04:25,28595.1,265,111,154
2020.01.28 05:00,28617.1,207,113,94
2020.01.28 05:30,28609.1,209,98,111
2020.01.28 07:55,28692.1,244,129,115
2020.01.28 08:10,28691.1,234,126,108
2020.01.28 08:15,28680.6,193,108,85
2020.01.28 08:45,28704.1,248,131,117
2020.01.28 08:55,28724.1,276,144,132
2020.01.28 09:20,28724.1,275,144,131
2020.01.28 09:25,28713.6,277,140,137
2020.01.28 09:30,28724.1,274,144,130
2020.01.28 10:05,28680.8,202,115,87
2020.01.28 10:30,28629.8,214,123,91
2020.01.28 10:35,28671.8,181,87,94
2020.01.28 11:20,28612.8,195,106,89
2020.01.28 11:25,28568.8,234,111,123
2020.01.28 11:45,28627.3,194,107,87
2020.01.28 12:20,28616.3,195,106,89
2020.01.28 13:00,28577.8,248,123,125
2020.01.28 13:15,28548.8,293,137,156
2020.01.28 13:35,28571.3,228,111,117
2020.01.28 14:15,28659.8,220,109,111
2020.01.28 15:00,28640.3,235,124,111
2020.01.28 15:10,28675.8,191,103,88
2020.01.28 15:30,28676.8,186,102,84
2020.01.28 16:00,28659.8,205,100,105
2020.01.28 16:15,28621.3,191,99,92
2020.01.28 16:20,28645.8,234,114,120
2020.01.28 16:35,28576.2,238,116,122
2020.01.28 18:05,28716.3,275,135,140
2020.01.28 18:30,28774.3,228,126,102
2020.01.28 18:35,28746.3,190,89,101
2020.01.28 18:40,28766.3,187,96,91
2020.01.28 18:45,28736.3,243,117,126
2020.01.28 19:00,28787.3,208,98,110
2020.01.28 19:20,28796.8,192,94,98
2020.01.28 19:40,28767.0,184,98,86
2020.01.28 19:45,28785.0,218,99,119
2020.01.28 20:35,28736.0,241,117,124
2020.01.28 22:40,28744.2,191,90,101
2020.01.28 22:45,28774.2,212,116,96
2020.01.28 23:10,28767.1,168,93,75
2020.01.28 23:20,28731.3,263,127,136
2020.01.28 23:50,28812.3,153,80,73
2020.01.29 00:00,28793.2,189,96,93
2020.01.29 00:10,28825.2,163,82,81
2020.01.29 00:35,28812.6,154,78,76
2020.01.29 01:30,28754.6,156,76,80
2020.01.29 01:50,28752.1,153,75,78
2020.01.29 02:25,28707.1,250,134,116
2020.01.29 03:45,28848.1,127,61,66
2020.01.29 04:00,28808.1,150,73,77
2020.01.29 04:20,28835.1,145,75,70
2020.01.29 05:40,28832.6,139,74,65
2020.01.29 05:50,28849.1,121,63,58
2020.01.29 06:20,28827.1,149,75,74
2020.01.29 06:25,28837.6,141,69,72
2020.01.29 06:45,28831.1,135,73,62
2020.01.29 06:50,28826.1,150,75,75
2020.01.29 07:00,28843.1,133,57,76
2020.01.29 07:30,28831.1,131,72,59
2020.01.29 08:10,28819.1,132,56,76
2020.01.29 08:35,28803.6,159,78,81
2020.01.29 08:45,28813.6,142,68,74
2020.01.29 09:10,28783.6,209,96,113
2020.01.29 09:25,28786.6,188,88,100
2020.01.29 09:35,28797.1,171,86,85
2020.01.29 09:40,28789.1,185,95,90
2020.01.29 09:55,28804.6,153,77,76
2020.01.29 10:05,28767.8,170,92,78
2020.01.29 11:00,28827.8,130,66,64
2020.01.29 11:25,28763.8,157,80,77
2020.01.29 11:35,28793.8,166,86,80
2020.01.29 12:20,28782.8,204,94,110
2020.01.29 12:35,28789.8,171,86,85
2020.01.29 12:40,28801.8,158,79,79
2020.01.29 12:45,28792.8,161,81,80
2020.01.29 13:20,28807.8,139,70,69
2020.01.29 14:05,28878.8,124,64,60
2020.01.29 14:20,28841.8,131,60,71
2020.01.29 14:25,28855.8,112,57,55
2020.01.29 14:30,28786.8,175,79,96
2020.01.29 14:55,28856.8,113,51,62
2020.01.29 15:05,28884.8,122,68,54
2020.01.29 15:10,28869.8,116,55,61
2020.01.29 15:55,28893.8,95,49,46
2020.01.29 18:00,28881.2,103,54,49
2020.01.29 18:10,28828.2,113,59,54
2020.01.29 18:25,28876.2,112,54,58
2020.01.29 18:40,28819.2,113,48,65
2020.01.29 18:55,28853.2,100,54,46
2020.01.29 19:10,28825.2,117,58,59
2020.01.29 19:50,28851.9,105,56,49
2020.01.29 21:05,28903.9,80,35,45
2020.01.29 21:25,28855.9,96,47,49
2020.01.29 21:30,28877.9,98,51,47
2020.01.29 22:20,28750.4,147,66,81
2020.01.29 22:30,28820.9,106,54,52
2020.01.29 23:00,28729.3,251,128,123
2020.01.29 23:10,28773.3,187,105,82
2020.01.30 01:05,28791.8,150,75,75
2020.01.30 01:10,28765.8,151,80,71
2020.01.30 01:15,28795.8,144,69,75
2020.01.30 01:25,28771.3,179,97,82
2020.01.30 01:30,28781.8,191,82,109
2020.01.30 01:35,28770.3,173,91,82
2020.01.30 01:40,28786.3,164,77,87
2020.01.30 01:50,28744.8,156,71,85
2020.01.30 02:00,28773.8,184,100,84
2020.01.30 02:45,28728.8,240,122,118
2020.01.30 03:40,28694.3,232,117,115
2020.01.30 03:45,28714.8,251,126,125
2020.01.30 05:15,28656.3,197,87,110
2020.01.30 06:05,28576.3,239,115,124
2020.01.30 06:30,28579.3,250,123,127
2020.01.30 06:40,28604.3,187,87,100
2020.01.30 06:50,28581.3,249,124,125
2020.01.30 07:15,28562.3,247,116,131
2020.01.30 07:40,28569.3,223,105,118
2020.01.30 07:50,28623.3,173,90,83
2020.01.30 08:50,28577.3,231,111,120
2020.01.30 09:25,28497.3,250,126,124
2020.01.30 09:30,28524.3,274,146,128
2020.01.30 10:00,28491.5,236,122,114
2020.01.30 10:20,28510.0,255,133,122
2020.01.30 10:25,28563.0,241,122,119
2020.01.30 11:45,28580.0,242,121,121
2020.01.30 11:55,28608.0,167,77,90
2020.01.30 12:00,28574.0,236,112,124
2020.01.30 12:05,28603.0,173,81,92
2020.01.30 12:25,28585.5,241,125,116
2020.01.30 12:50,28600.0,184,84,100
2020.01.30 13:25,28501.0,252,120,132
2020.01.30 13:55,28534.0,282,141,141
2020.01.30 14:40,28549.5,268,127,141
2020.01.30 15:55,28561.5,235,109,126
2020.01.30 16:25,28556.5,259,118,141
2020.01.30 16:45,28712.4,244,127,117
2020.01.30 16:55,28644.4,229,113,116
2020.01.30 17:55,28479.4,257,134,123
2020.01.30 18:25,28633.7,200,109,91
2020.01.30 18:50,28699.7,228,107,121
2020.01.30 19:15,28611.7,150,75,75
2020.01.30 19:20,28647.7,216,108,108
2020.01.30 19:45,28514.3,258,137,121
2020.01.30 20:00,28590.8,215,93,122
2020.01.30 20:20,28538.3,267,123,144
2020.01.30 20:55,28556.8,253,116,137
2020.01.30 21:20,28647.8,214,108,106
2020.01.30 22:10,28676.8,168,92,76
2020.01.30 23:00,28893.6,91,47,44
2020.01.31 01:30,28865.6,80,39,41
2020.01.31 01:35,28852.6,80,41,39
2020.01.31 01:55,28849.1,81,40,41
2020.01.31 02:00,28870.6,90,46,44
2020.01.31 02:25,28809.6,117,55,62
2020.01.31 02:35,28860.1,79,35,44
2020.01.31 02:40,28823.6,98,50,48
2020.01.31 03:10,28931.6,52,34,18
2020.01.31 03:25,28896.6,82,40,42
2020.01.31 03:30,28919.6,45,28,17
2020.01.31 04:20,28916.6,41,24,17
2020.01.31 04:25,28882.6,87,44,43
2020.01.31 04:30,28908.6,54,26,28
2020.01.31 05:35,28889.1,80,48,32
2020.01.31 06:05,28866.6,68,30,38
2020.01.31 06:15,28879.6,77,44,33
2020.01.31 06:25,28865.6,69,32,37
2020.01.31 07:00,28907.6,57,28,29
2020.01.31 08:10,28832.6,94,49,45
2020.01.31 08:40,28820.1,99,44,55
2020.01.31 09:05,28854.6,67,35,32
2020.01.31 09:15,28827.6,93,49,44
2020.01.31 09:20,28840.6,75,28,47
2020.01.31 09:40,28787.6,161,71,90
2020.01.31 10:15,28808.3,119,58,61
2020.01.31 10:35,28759.3,128,72,56
2020.01.31 11:10,28762.3,125,67,58
2020.01.31 11:40,28724.3,237,124,113
2020.01.31 11:55,28756.3,125,66,59
2020.01.31 12:00,28723.3,233,118,115
2020.01.31 12:05,28762.3,123,67,56
2020.01.31 13:10,28694.3,212,108,104
2020.01.31 13:15,28722.8,233,124,109
2020.01.31 13:55,28700.8,206,107,99
2020.01.31 14:15,28742.3,158,66,92
2020.01.31 14:25,28725.8,226,113,113
2020.01.31 14:40,28762.3,122,67,55
2020.01.31 15:15,28686.3,202,109,93
2020.01.31 15:30,28724.3,225,118,107
2020.01.31 15:40,28679.3,158,87,71
2020.01.31 16:55,28639.2,190,104,86
2020.01.31 17:05,28542.7,259,127,132
2020.01.31 17:10,28589.7,209,87,122
2020.01.31 17:15,28527.7,255,132,123
2020.01.31 18:00,28508.7,236,123,113
2020.01.31 18:15,28378.7,354,179,175
2020.01.31 18:20,28452.7,313,157,156
2020.01.31 20:00,28387.7,344,178,166
2020.01.31 20:25,28358.7,298,133,165
2020.01.31 20:45,28252.7,355,187,168
2020.01.31 21:25,28279.7,374,182,192
2020.01.31 21:55,28330.7,390,178,212
2020.01.31 22:15,28238.7,331,178,153
2020.01.31 22:20,28277.5,365,184,181
2020.01.31 23:40,28272.1,343,173,170
2020.02.03 01:05,28336.9,371,181,190
2020.02.03 01:10,28259.9,376,194,182
2020.02.03 01:35,28305.4,407,206,201
2020.02.03 01:40,28341.9,365,175,190
2020.02.03 01:50,28288.4,395,202,193
2020.02.03 02:10,28332.4,379,177,202
2020.02.03 02:15,28304.4,408,214,194
2020.02.03 02:45,28427.9,288,150,138
2020.02.03 02:50,28379.9,351,175,176
2020.02.03 02:55,28402.9,320,149,171
2020.02.03 03:00,28341.9,363,173,190
2020.02.03 03:10,28413.9,323,153,170
2020.02.03 03:25,28349.9,333,155,178
2020.02.03 03:40,28473.4,266,127,139
2020.02.03 03:45,28421.9,311,150,161
2020.02.03 04:00,28487.9,218,114,104
2020.02.03 04:20,28445.9,304,139,165
2020.02.03 05:25,28447.4,312,147,165
2020.02.03 05:30,28427.4,286,146,140
2020.02.03 05:35,28447.9,306,149,157
2020.02.03 05:45,28419.9,319,148,171
2020.02.03 06:10,28407.9,306,143,163
2020.02.03 06:45,28419.9,313,144,169
2020.02.03 07:50,28429.4,273,141,132
2020.02.03 08:30,28422.9,294,142,152
2020.02.03 11:05,28337.6,358,174,184
2020.02.03 12:15,28362.6,274,132,142
2020.02.03 12:20,28336.1,360,172,188
2020.02.03 12:40,28337.6,349,168,181
2020.02.03 12:55,28340.6,350,160,190
2020.02.03 13:05,28389.6,308,156,152
2020.02.03 13:25,28356.1,278,118,160
2020.02.03 13:50,28393.6,303,155,148
2020.02.03 14:20,28339.6,351,166,185
2020.02.03 14:45,28383.6,327,165,162
2020.02.03 15:50,28382.1,324,160,164
2020.02.03 15:55,28399.6,306,153,153
2020.02.03 16:00,28378.1,313,159,154
2020.02.03 16:05,28402.1,295,139,156
2020.02.03 17:00,28620.0,149,79,70
2020.02.03 18:50,28394.3,298,154,144
2020.02.03 19:00,28445.3,293,139,154
2020.02.03 19:10,28395.3,309,153,156
2020.02.03 19:35,28411.3,286,137,149
2020.02.03 19:55,28462.3,281,134,147
2020.02.03 20:30,28386.3,304,153,151
2020.02.03 20:50,28410.3,281,136,145
2020.02.03 20:55,28443.3,287,152,135
2020.02.03 21:20,28425.3,252,120,132
2020.02.03 21:50,28462.3,280,134,146
2020.02.03 22:05,28465.3,281,126,155
2020.02.03 22:15,28428.3,240,122,118
2020.02.03 22:30,28488.3,222,122,100
2020.02.03 22:50,28384.8,308,150,158
2020.02.03 23:25,28396.2,292,141,151
2020.02.03 23:40,28411.4,265,126,139
2020.02.04 00:10,28419.4,268,124,144
2020.02.04 00:50,28404.3,267,127,140
2020.02.04 01:20,28397.7,286,134,152
2020.02.04 01:50,28413.7,267,126,141
2020.02.04 02:10,28451.7,273,133,140
2020.02.04 02:25,28430.7,246,122,124
2020.02.04 02:30,28447.7,280,137,143
2020.02.04 02:55,28427.2,234,125,109
2020.02.04 03:45,28513.2,250,134,116
2020.02.04 03:55,28542.2,244,122,122
2020.02.04 04:05,28507.2,227,117,110
2020.02.04 04:10,28527.7,241,128,113
2020.02.04 04:20,28487.7,215,109,106
2020.02.04 04:45,28488.2,216,115,101
2020.02.04 05:05,28488.2,215,114,101
2020.02.04 06:10,28564.2,189,101,88
2020.02.04 06:35,28611.2,134,65,69
2020.02.04 07:15,28606.2,142,66,76
2020.02.04 07:30,28573.2,179,83,96
2020.02.04 07:55,28596.7,157,64,93
2020.02.04 08:30,28614.7,138,76,62
2020.02.04 08:50,28621.2,145,80,65
2020.02.04 08:55,28651.2,196,89,107
2020.02.04 09:40,28575.7,173,80,93
2020.02.04 10:25,28731.9,212,105,107
2020.02.04 10:45,28683.9,177,101,76
2020.02.04 11:15,28683.9,176,100,76
2020.02.04 11:50,28747.9,131,56,75
2020.02.04 12:10,28740.4,164,70,94
2020.02.04 12:30,28725.9,211,109,102
2020.02.04 13:00,28696.4,184,85,99
2020.02.04 13:15,28745.9,138,58,80
2020.02.04 13:25,28707.4,189,109,80
2020.02.04 13:30,28738.4,171,75,96
2020.02.04 13:40,28700.9,177,91,86
2020.02.04 14:40,28783.9,166,74,92
2020.02.04 14:45,28762.9,121,63,58
2020.02.04 15:05,28755.4,119,61,58
2020.02.04 15:10,28776.9,170,75,95
2020.02.04 15:15,28757.9,116,64,52
2020.02.04 15:55,28806.9,119,57,62
2020.02.04 16:15,28751.4,123,54,69
2020.02.04 17:00,28855.3,65,36,29
2020.02.04 17:15,28784.4,156,66,90
2020.02.04 19:25,28899.4,68,33,35
2020.02.04 19:50,28858.0,61,26,35
2020.02.04 20:25,28830.5,75,40,35
2020.02.04 21:10,28904.5,68,31,37
2020.02.04 21:45,28894.5,59,35,24
2020.02.04 22:55,28792.9,128,64,64
2020.02.04 23:25,28816.3,97,43,54
2020.02.04 23:40,28864.0,44,19,25
2020.02.05 00:00,28840.4,50,18,32
2020.02.05 02:00,28778.8,166,78,88
2020.02.05 02:15,28831.3,63,32,31
2020.02.05 02:45,28766.8,120,62,58
2020.02.05 03:15,28793.8,116,62,54
2020.02.05 03:35,28749.3,125,53,72
2020.02.05 03:55,28838.3,50,21,29
2020.02.05 04:15,28800.8,119,60,59
2020.02.05 04:20,28825.3,72,32,40
2020.02.05 04:40,28822.8,74,36,38
2020.02.05 05:10,28769.8,133,69,64
2020.02.05 06:05,28814.3,88,44,44
2020.02.05 07:20,28788.8,114,54,60
2020.02.05 07:25,28803.8,100,47,53
2020.02.05 09:00,28808.8,90,40,50
2020.02.05 09:25,28788.3,106,48,58
2020.02.05 09:30,28771.3,131,68,63
2020.02.05 09:45,28793.8,90,48,42
2020.02.05 10:00,28770.5,130,67,63
2020.02.05 12:00,29102.0,210,97,113
2020.02.05 12:05,29124.5,134,58,76
2020.02.05 12:15,29082.5,217,117,100
2020.02.05 12:20,29103.5,207,89,118
2020.02.05 12:30,29072.0,187,98,89
2020.02.05 12:45,29072.5,188,102,86
2020.02.05 13:05,29104.5,208,96,112
2020.02.05 13:10,29084.5,225,109,116
2020.02.05 15:20,29116.5,155,76,79
2020.02.05 15:25,29087.5,223,101,122
2020.02.05 15:30,29112.5,172,80,92
2020.02.05 15:45,29068.5,173,86,87
2020.02.05 15:55,29098.5,205,101,104
2020.02.05 16:10,29062.0,150,90,60
2020.02.05 16:25,29103.5,196,86,110
2020.02.05 16:40,29043.9,106,54,52
2020.02.05 16:50,29142.9,124,56,68
2020.02.05 17:15,29061.0,146,84,62
2020.02.05 17:20,29104.5,194,91,103
2020.02.05 17:40,28996.5,90,41,49
2020.02.05 18:05,29052.5,109,58,51
2020.02.05 18:20,29126.0,124,55,69
2020.02.05 18:40,29066.5,157,87,70
2020.02.05 19:20,29153.5,124,64,60
2020.02.05 19:25,29174.0,153,90,63
2020.02.05 19:30,29147.5,118,63,55
2020.02.05 20:05,29142.0,126,58,68
2020.02.05 20:10,29161.0,119,69,50
2020.02.05 20:15,29139.5,118,60,58
2020.02.05 21:10,29178.0,158,88,70
2020.02.05 21:25,29232.0,179,82,97
2020.02.05 21:30,29213.5,159,88,71
2020.02.05 22:05,29284.0,323,175,148
2020.02.05 22:10,29258.0,210,112,98
2020.02.05 22:45,29289.7,327,169,158
2020.02.05 22:50,29230.7,174,76,98
2020.02.05 23:40,29332.6,340,167,173
2020.02.06 00:50,29301.7,375,189,186
2020.02.06 01:40,29329.4,356,188,168
2020.02.06 02:50,29284.9,319,177,142
2020.02.06 04:10,29404.9,294,135,159
2020.02.06 05:50,29412.9,281,142,139
2020.02.06 06:15,29439.9,282,144,138
2020.02.06 07:30,29515.4,104,43,61
2020.02.06 07:40,29489.4,208,99,109
2020.02.06 07:45,29506.4,145,60,85
2020.02.06 08:15,29513.4,110,52,58
2020.02.06 08:20,29496.4,177,70,107
2020.02.06 09:15,29471.9,266,129,137
2020.02.06 09:55,29498.9,166,71,95
2020.02.06 10:00,29476.1,244,122,122
2020.02.06 10:05,29502.6,156,64,92
2020.02.06 10:40,29482.6,225,114,111
2020.02.06 10:45,29456.1,294,152,142
2020.02.06 10:50,29482.1,223,114,109
2020.02.06 11:00,29451.1,288,142,146
2020.02.06 11:05,29471.1,262,122,140
2020.02.06 11:25,29391.1,320,152,168
2020.02.06 11:50,29420.1,269,125,144
2020.02.06 12:10,29372.1,345,173,172
2020.02.06 12:25,29409.6,272,138,134
2020.02.06 13:05,29398.6,298,150,148
2020.02.06 13:45,29427.1,270,135,135
2020.02.06 13:50,29412.1,275,143,132
2020.02.06 15:05,29377.1,333,164,169
2020.02.06 15:50,29376.1,335,165,170
2020.02.06 16:20,29387.6,301,147,154
2020.02.06 16:50,29244.5,170,92,78
2020.02.06 17:20,29245.4,173,95,78
2020.02.06 17:50,29345.4,312,163,149
2020.02.06 17:55,29291.4,287,147,140
2020.02.06 19:30,29405.4,268,128,140
2020.02.06 20:20,29358.2,324,165,159
2020.02.06 20:25,29377.2,315,156,159
2020.02.06 20:40,29341.7,308,159,149
2020.02.06 21:10,29405.7,267,129,138
2020.02.06 21:20,29365.2,304,159,145
2020.02.06 21:30,29399.7,280,138,142
2020.02.06 21:50,29397.2,273,136,137
2020.02.06 22:00,29364.2,303,157,146
2020.02.06 22:05,29391.2,281,132,149
2020.02.06 22:20,29322.5,328,165,163
2020.02.06 22:50,29357.0,322,160,162
2020.02.06 22:55,29392.0,273,127,146
2020.02.07 01:05,29413.7,258,139,119
2020.02.07 01:30,29384.7,270,122,148
2020.02.07 01:35,29399.2,274,138,136
2020.02.07 03:00,29327.7,341,179,162
2020.02.07 03:10,29279.7,271,135,136
2020.02.07 03:45,29351.2,308,160,148
2020.02.07 04:30,29360.7,310,164,146
2020.02.07 04:55,29316.7,330,156,174
2020.02.07 05:00,29334.7,307,139,168
2020.02.07 05:10,29317.2,325,155,170
2020.02.07 05:20,29340.7,300,155,145
2020.02.07 06:15,29318.7,310,152,158
2020.02.07 06:25,29335.7,300,136,164
2020.02.07 06:35,29320.2,301,153,148
2020.02.07 06:40,29332.7,296,146,150
2020.02.07 06:55,29328.2,315,168,147
2020.02.07 07:30,29321.7,291,145,146
2020.02.07 07:35,29310.2,342,165,177
2020.02.07 08:05,29305.7,365,177,188
2020.02.07 08:40,29354.7,312,161,151
2020.02.07 09:05,29356.7,317,158,159
2020.02.07 09:15,29383.7,266,129,137
2020.02.07 09:30,29308.7,358,178,180
2020.02.07 10:20,29317.4,306,147,159
2020.02.07 10:25,29341.9,289,150,139
2020.02.07 10:30,29320.4,286,141,145
2020.02.07 10:45,29358.9,303,155,148
2020.02.07 11:15,29327.4,287,151,136
2020.02.07 11:20,29345.4,278,149,129
2020.02.07 11:30,29301.4,351,183,168
2020.02.07 11:35,29326.4,295,155,140
2020.02.07 12:05,29295.9,320,173,147
2020.02.07 12:15,29242.4,165,85,80
2020.02.07 13:00,29206.4,149,80,69
2020.02.07 13:20,29264.4,227,125,102
2020.02.07 14:15,29289.4,299,155,144
2020.02.07 14:25,29266.4,229,128,101
2020.02.07 14:35,29290.4,294,154,140
2020.02.07 15:00,29291.9,288,143,145
2020.02.07 15:10,29255.9,184,96,88
2020.02.07 15:30,29355.9,312,162,150
2020.02.07 16:20,29240.4,162,82,80
2020.02.07 16:50,29222.8,167,85,82
2020.02.07 17:00,29133.8,119,59,60
2020.02.07 17:30,29236.8,167,82,85
2020.02.07 18:00,29153.8,115,60,55
2020.02.07 18:05,29198.3,141,75,66
2020.02.07 18:10,29156.8,113,55,58
2020.02.07 18:50,29167.5,115,70,45
2020.02.07 19:05,29213.5,142,81,61
2020.02.07 19:10,29188.5,138,63,75
2020.02.07 19:15,29219.5,163,88,75
2020.02.07 19:35,29167.5,114,69,45
2020.02.07 19:40,29188.5,136,63,73
2020.02.07 20:20,29157.5,113,57,56
2020.02.07 20:35,29192.5,135,68,67
2020.02.07 21:10,29053.5,115,64,51
2020.02.07 21:15,29086.5,202,89,113
2020.02.07 21:20,29056.0,117,70,47
2020.02.07 21:50,29077.2,169,95,74
2020.02.07 22:00,29126.2,122,53,69
2020.02.07 22:10,29089.2,191,88,103
2020.02.07 22:15,29113.2,150,72,78
2020.02.07 22:20,29085.4,194,91,103
2020.02.07 22:45,29133.4,115,54,61
2020.02.10 01:05,29118.9,131,60,71
2020.02.10 01:35,28892.4,58,38,20
2020.02.10 01:55,28954.4,64,32,32
2020.02.10 02:35,29010.9,69,33,36
2020.02.10 03:00,29017.4,79,44,35
2020.02.10 03:45,29115.4,138,70,68
2020.02.10 03:55,29071.4,148,71,77
2020.02.10 04:15,29147.4,110,56,54
2020.02.10 04:20,29119.9,127,60,67
2020.02.10 04:35,29168.4,113,66,47
2020.02.10 04:55,29128.9,122,54,68
2020.02.10 05:05,29151.4,102,54,48
2020.02.10 05:20,29113.4,145,68,77
2020.02.10 05:25,29128.9,120,54,66
2020.02.10 05:35,29102.4,161,70,91
2020.02.10 05:40,29123.4,111,48,63
2020.02.10 06:15,29111.4,143,68,75
2020.02.10 06:20,29096.4,163,75,88
2020.02.10 06:25,29106.4,145,64,81
2020.02.10 06:45,29117.4,130,69,61
2020.02.10 06:55,29067.4,151,76,75
2020.02.10 07:00,29087.4,177,80,97
2020.02.10 07:05,29071.4,146,69,77
2020.02.10 07:10,29087.9,176,80,96
2020.02.10 07:15,29067.4,150,75,75
2020.02.10 07:40,29110.4,144,66,78
2020.02.10 08:00,29107.4,137,60,77
2020.02.10 08:05,29089.4,168,76,92
2020.02.10 08:15,29115.9,130,67,63
2020.02.10 09:40,29131.9,107,51,56
2020.02.10 10:00,29069.6,144,70,74
2020.02.10 10:25,29050.1,96,51,45
2020.02.10 11:45,29044.1,93,46,47
2020.02.10 11:50,29072.1,136,67,69
2020.02.10 12:10,29026.6,86,43,43
2020.02.10 13:05,29095.1,146,62,84
2020.02.10 13:30,29099.1,131,64,67
2020.02.10 13:35,29079.1,143,76,67
2020.02.10 13:40,29098.1,132,62,70
2020.02.10 14:05,29049.1,88,46,42
2020.02.10 14:10,29078.6,143,75,68
2020.02.10 14:30,29056.1,101,61,40
2020.02.10 14:40,29083.1,137,73,64
2020.02.10 14:45,29070.6,127,59,68
2020.02.10 14:50,29084.1,139,69,70
2020.02.10 16:40,29110.5,128,62,66
2020.02.10 17:45,29222.5,163,87,76
2020.02.10 18:00,29173.5,123,70,53
2020.02.10 18:05,29194.5,135,68,67
2020.02.10 18:45,29206.0,120,71,49
2020.02.10 19:05,29139.0,105,53,52
2020.02.10 19:10,29160.0,97,53,44
2020.02.10 19:35,29127.0,104,48,56
2020.02.10 19:45,29153.6,99,56,43
2020.02.10 20:20,29168.6,101,60,41
2020.02.10 20:25,29152.1,92,48,44
2020.02.10 21:40,29161.6,84,43,41
2020.02.10 22:10,29233.6,168,77,91
2020.02.10 22:20,29215.5,140,75,65
2020.02.10 22:25,29240.5,159,81,78
2020.02.11 00:35,29274.8,232,122,110
2020.02.11 01:10,29261.9,197,110,87
2020.02.11 01:40,29265.4,204,114,90
2020.02.11 01:45,29282.9,252,135,117
2020.02.11 01:50,29265.4,203,113,90
2020.02.11 01:55,29277.9,231,121,110
2020.02.11 04:10,29375.4,285,142,143
2020.02.11 04:15,29363.4,278,150,128
2020.02.11 04:40,29386.4,261,124,137
2020.02.11 05:30,29353.4,291,152,139
2020.02.11 05:55,29380.9,272,135,137
2020.02.11 06:15,29357.4,298,148,150
2020.02.11 08:30,29383.4,256,125,131
2020.02.11 08:45,29358.9,284,146,138
2020.02.11 08:55,29379.9,261,131,130
2020.02.11 09:10,29370.4,276,147,129
2020.02.11 09:20,29345.4,270,143,127
2020.02.11 10:20,29373.1,275,141,134
2020.02.11 10:25,29355.6,291,149,142
2020.02.11 10:35,29382.6,250,120,130
2020.02.11 10:45,29335.6,277,125,152
2020.02.11 11:10,29308.6,346,172,174
2020.02.11 11:45,29322.6,273,134,139
2020.02.11 12:00,29361.1,263,145,118
2020.02.11 12:25,29355.1,283,143,140
2020.02.11 13:40,29353.1,267,138,129
2020.02.11 13:50,29372.1,279,150,129
2020.02.11 14:00,29349.6,268,149,119
2020.02.11 14:40,29372.6,271,144,127
2020.02.11 14:55,29397.1,262,133,129
2020.02.11 15:00,29382.1,252,118,134
2020.02.11 15:05,29398.6,269,138,131
2020.02.11 15:35,29370.1,256,138,118
2020.02.11 16:20,29439.1,275,140,135
2020.02.11 16:55,29341.5,269,144,125
2020.02.11 17:30,29415.8,258,122,136
2020.02.11 17:35,29381.3,249,122,127
2020.02.11 17:40,29413.8,247,136,111
2020.02.11 19:10,29278.3,228,112,116
2020.02.11 20:25,29306.5,338,162,176
2020.02.11 21:05,29270.0,214,115,99
2020.02.11 21:10,29296.0,299,162,137
2020.02.11 22:15,29209.5,130,73,57
2020.02.11 22:40,29288.3,270,149,121
2020.02.11 23:35,29293.4,282,145,137
2020.02.11 23:55,29296.4,298,159,139
2020.02.12 00:40,29285.3,257,146,111
2020.02.12 02:15,29309.2,316,164,152
2020.02.12 03:20,29308.7,319,159,160
2020.02.12 03:35,29274.7,197,102,95
2020.02.12 03:45,29304.7,324,162,162
2020.02.12 03:50,29286.2,247,137,110
2020.02.12 04:00,29306.7,321,157,164
2020.02.12 04:10,29291.7,243,126,117
2020.02.12 05:35,29319.2,263,129,134
2020.02.12 05:40,29311.2,289,145,144
2020.02.12 06:05,29314.7,284,129,155
2020.02.12 07:05,29350.2,259,141,118
2020.02.12 07:15,29332.7,247,120,127
2020.02.12 08:15,29347.2,263,141,122
2020.02.12 08:20,29357.2,253,126,127
2020.02.12 09:10,29338.7,243,123,120
2020.02.12 09:25,29350.2,251,136,115
2020.02.12 09:55,29337.2,252,117,135
2020.02.12 10:10,29335.4,246,111,135
2020.02.12 10:30,29429.9,258,134,124
2020.02.12 11:55,29391.4,231,108,123
2020.02.12 12:00,29375.9,249,123,126
2020.02.12 12:35,29374.4,254,129,125
2020.02.12 13:05,29405.9,239,118,121
2020.02.12 13:10,29398.9,244,125,119
2020.02.12 13:15,29408.4,243,120,123
2020.02.12 13:40,29412.9,248,131,117
2020.02.12 13:55,29395.9,239,123,116
2020.02.12 14:00,29406.9,229,111,118
2020.02.12 14:10,29387.4,221,106,115
2020.02.12 14:35,29392.9,228,107,121
2020.02.12 14:40,29400.4,228,108,120
2020.02.12 15:15,29419.4,250,114,136
2020.02.12 15:20,29411.9,251,134,117
2020.02.12 15:25,29423.9,261,131,130
2020.02.12 15:35,29411.4,245,128,117
2020.02.12 15:40,29422.9,256,131,125
2020.02.12 15:45,29408.4,236,117,119
2020.02.12 16:15,29444.9,281,135,146
2020.02.12 16:20,29434.9,254,125,129
2020.02.12 16:40,29512.8,109,53,56
2020.02.12 16:50,29463.3,305,147,158
2020.02.12 17:00,29537.3,93,43,50
2020.02.12 17:05,29457.3,292,148,144
2020.02.12 18:15,29459.9,292,139,153
2020.02.12 18:25,29491.4,177,87,90
2020.02.12 19:10,29470.9,247,114,133
2020.02.12 19:35,29507.4,129,53,76
2020.02.12 20:10,29451.6,273,141,132
2020.02.12 20:15,29465.1,288,129,159
2020.02.12 20:40,29494.1,171,77,94
2020.02.12 21:10,29512.1,107,50,57
2020.02.12 21:15,29498.1,147,64,83
2020.02.12 21:45,29528.1,93,43,50
2020.02.12 21:55,29503.1,143,59,84
2020.02.12 22:05,29529.1,91,42,49
2020.02.13 00:10,29528.6,84,38,46
2020.02.13 01:15,29544.6,82,39,43
2020.02.13 02:10,29472.6,230,110,120
2020.02.13 02:40,29413.1,236,123,113
2020.02.13 02:50,29440.1,265,138,127
2020.02.13 02:55,29427.1,250,123,127
2020.02.13 03:25,29481.6,191,101,90
2020.02.13 03:40,29449.6,262,133,129
2020.02.13 03:45,29479.6,191,101,90
2020.02.13 04:00,29443.1,271,132,139
2020.02.13 04:35,29475.6,207,109,98
2020.02.13 04:40,29463.1,270,127,143
2020.02.13 04:50,29474.6,210,110,100
2020.02.13 05:00,29458.1,273,130,143
2020.02.13 05:05,29472.1,224,112,112
2020.02.13 05:10,29461.1,264,126,138
2020.02.13 05:15,29473.1,217,108,109
2020.02.13 05:30,29450.6,262,125,137
2020.02.13 07:00,29422.1,246,121,125
2020.02.13 08:15,29419.6,238,108,130
2020.02.13 08:25,29439.6,244,126,118
2020.02.13 08:50,29431.1,221,115,106
2020.02.13 09:35,29427.6,244,121,123
2020.02.13 10:05,29406.8,222,106,116
2020.02.13 10:40,29395.8,226,113,113
2020.02.13 12:10,29261.8,181,100,81
2020.02.13 12:50,29344.3,232,120,112
2020.02.13 13:30,29286.8,244,131,113
2020.02.13 13:50,29348.8,246,137,109
2020.02.13 13:55,29321.8,239,115,124
2020.02.13 14:05,29351.3,246,128,118
2020.02.13 14:25,29317.8,252,116,136
2020.02.13 15:05,29380.3,229,111,118
2020.02.13 15:55,29396.8,216,112,104
2020.02.13 16:00,29376.8,241,115,126
2020.02.13 16:10,29405.8,216,109,107
2020.02.13 16:20,29368.3,226,127,99
2020.02.13 16:35,29450.2,252,127,125
2020.02.13 16:40,29399.2,214,107,107
2020.02.13 17:05,29336.2,229,111,118
2020.02.13 17:15,29409.2,220,112,108
2020.02.13 17:35,29352.2,240,123,117
2020.02.13 18:15,29421.2,227,110,117
2020.02.13 18:35,29498.2,143,63,80
2020.02.13 19:15,29519.2,80,34,46
2020.02.13 19:25,29485.2,182,89,93
2020.02.13 19:30,29507.2,114,48,66
2020.02.13 19:40,29471.2,226,107,119
2020.02.13 19:50,29503.7,127,55,72
2020.02.13 20:15,29433.7,208,101,107
2020.02.13 20:45,29518.4,85,36,49
2020.02.13 21:00,29534.4,78,34,44
2020.02.13 21:20,29511.4,92,42,50
2020.02.13 21:30,29479.4,180,96,84
2020.02.13 21:35,29499.9,137,60,77
2020.02.13 21:45,29473.9,206,101,105
2020.02.13 21:55,29520.4,79,38,41
2020.02.13 22:45,29414.4,225,114,111
2020.02.13 22:50,29452.4,235,117,118
2020.02.13 22:55,29413.4,219,115,104
2020.02.13 23:25,29452.1,234,118,116
2020.02.13 23:30,29441.7,233,123,110
2020.02.14 00:05,29456.6,248,131,117
2020.02.14 00:10,29453.7,244,123,121
2020.02.14 00:15,29456.9,247,132,115
2020.02.14 00:20,29453.7,243,122,121
2020.02.14 00:25,29458.2,250,122,128
2020.02.14 02:00,29422.0,220,106,114
2020.02.14 02:25,29389.5,205,105,100
2020.02.14 02:30,29410.5,213,109,104
2020.02.14 02:40,29396.5,199,99,100
2020.02.14 03:00,29446.5,225,116,109
2020.02.14 03:15,29408.5,210,102,108
2020.02.14 03:40,29464.5,248,111,137
2020.02.14 03:50,29446.5,223,114,109
2020.02.14 04:00,29459.0,243,116,127
2020.02.14 05:10,29499.5,129,54,75
2020.02.14 05:30,29518.5,79,35,44
2020.02.14 06:05,29481.5,174,91,83
2020.02.14 06:15,29495.5,134,55,79
2020.02.14 06:20,29481.5,173,90,83
2020.02.14 06:50,29505.5,103,46,57
2020.02.14 07:35,29476.5,188,97,91
2020.02.14 07:50,29488.5,145,71,74
2020.02.14 08:25,29465.0,237,103,134
2020.02.14 08:30,29471.5,199,98,101
2020.02.14 08:35,29464.5,243,107,136
2020.02.14 10:15,29483.2,153,73,80
2020.02.14 10:20,29461.2,243,117,126
2020.02.14 11:35,29440.2,215,116,99
2020.02.14 12:00,29456.2,231,122,109
2020.02.14 12:45,29485.2,147,73,74
2020.02.14 13:10,29450.2,213,110,103
2020.02.14 13:50,29454.2,226,115,111
2020.02.14 14:10,29466.2,218,93,125
2020.02.14 14:15,29476.7,162,87,75
2020.02.14 14:35,29489.2,132,63,69
2020.02.14 14:55,29499.2,119,51,68
2020.02.14 15:45,29409.2,207,103,104
2020.02.14 16:05,29457.7,226,114,112
2020.02.14 16:15,29435.2,202,99,103
2020.02.14 16:20,29448.2,211,105,106
2020.02.14 16:50,29429.6,211,104,107
2020.02.14 17:10,29362.7,205,109,96
2020.02.14 17:35,29433.7,180,87,93
2020.02.14 17:50,29430.2,193,96,97
2020.02.14 18:05,29393.7,189,86,103
2020.02.14 18:35,29425.7,204,101,103
2020.02.14 19:55,29340.0,237,123,114
2020.02.14 20:20,29314.0,275,123,152
2020.02.14 20:35,29352.0,235,124,111
2020.02.14 20:55,29298.5,280,146,134
2020.02.14 21:35,29375.0,226,113,113
2020.02.14 22:00,29340.5,225,121,104
2020.02.14 22:15,29303.0,289,146,143
2020.02.17 01:10,29447.8,209,100,109
2020.02.17 01:15,29464.8,218,94,124
2020.02.17 01:20,29444.8,213,103,110
2020.02.17 02:45,29439.8,202,108,94
2020.02.17 03:05,29405.3,176,87,89
2020.02.17 03:40,29467.8,204,84,120
2020.02.17 03:45,29453.8,209,106,103
2020.02.17 03:50,29468.8,193,81,112
2020.02.17 05:15,29447.8,203,95,108
2020.02.17 05:30,29448.8,197,97,100
2020.02.17 06:20,29436.3,185,95,90
2020.02.17 06:50,29437.8,183,97,86
2020.02.17 07:40,29463.8,205,99,106
2020.02.17 07:50,29453.8,187,93,94
2020.02.17 07:55,29460.8,201,99,102
2020.02.17 08:50,29459.8,191,91,100
2020.02.17 09:25,29455.8,180,89,91
2020.02.17 09:35,29466.3,195,86,109
2020.02.17 09:40,29455.8,179,88,91
2020.02.17 09:55,29470.3,178,84,94
2020.02.17 10:05,29453.5,179,85,94
2020.02.17 10:40,29432.5,174,88,86
2020.02.17 10:50,29454.0,181,89,92
2020.02.17 12:10,29462.0,181,87,94
2020.02.17 12:35,29444.5,192,91,101
2020.02.17 12:55,29446.0,179,89,90
2020.02.17 13:05,29452.5,167,81,86
2020.02.17 13:35,29438.5,181,92,89
2020.02.17 14:35,29427.5,193,91,102
2020.02.17 15:45,29435.5,187,94,93
2020.02.17 16:45,29433.9,168,79,89
2020.02.17 17:05,29435.9,176,88,88
2020.02.17 17:45,29476.9,145,79,66
2020.02.17 17:55,29457.9,175,84,91
2020.02.17 18:10,29471.9,156,74,82
2020.02.17 18:15,29466.4,182,83,99
2020.02.17 18:35,29466.9,181,81,100
2020.02.17 19:45,29476.5,143,79,64
2020.02.17 21:25,29453.0,156,74,82
2020.02.17 22:20,29460.4,165,78,87
2020.02.17 23:00,29462.0,165,80,85
2020.02.18 00:05,29427.9,188,90,98
2020.02.18 01:40,29376.8,221,104,117
2020.02.18 02:05,29344.3,213,108,105
2020.02.18 02:10,29360.3,206,110,96
2020.02.18 03:45,29314.8,256,113,143
2020.02.18 04:55,29274.3,202,103,99
2020.02.18 05:10,29306.8,288,136,152
2020.02.18 05:20,29292.8,242,121,121
2020.02.18 05:25,29308.8,293,145,148
2020.02.18 05:45,29291.3,229,122,107
2020.02.18 05:50,29299.3,274,142,132
2020.02.18 06:10,29281.8,205,106,99
2020.02.18 06:25,29309.8,279,137,142
2020.02.18 06:30,29300.8,281,147,134
2020.02.18 06:35,29310.8,271,130,141
2020.02.18 06:40,29302.3,270,134,136
2020.02.18 06:55,29321.3,212,98,114
2020.02.18 07:25,29292.8,236,116,120
2020.02.18 08:10,29316.8,240,108,132
2020.02.18 08:25,29302.8,272,135,137
2020.02.18 08:30,29310.8,257,124,133
2020.02.18 10:40,29280.5,200,103,97
2020.02.18 10:55,29277.5,191,96,95
2020.02.18 11:25,29246.5,144,78,66
2020.02.18 11:35,29224.5,147,70,77
2020.02.18 11:50,29234.0,150,67,83
2020.02.18 11:55,29247.5,136,76,60
2020.02.18 12:00,29225.5,146,66,80
2020.02.18 12:40,29274.5,188,99,89
2020.02.18 12:50,29258.5,156,82,74
2020.02.18 12:55,29279.0,199,98,101
2020.02.18 13:55,29213.5,134,77,57
2020.02.18 14:15,29218.0,139,72,67
2020.02.18 15:00,29244.5,123,66,57
2020.02.18 15:05,29228.5,145,72,73
2020.02.18 15:20,29273.5,189,101,88
2020.02.18 15:25,29255.5,142,72,70
2020.02.18 15:55,29244.5,121,64,57
2020.02.18 16:10,29273.5,187,101,86
2020.02.18 16:45,29308.4,265,132,133
2020.02.18 16:50,29277.9,189,97,92
2020.02.18 17:35,29192.3,123,63,60
2020.02.18 18:35,29161.3,83,43,40
2020.02.18 18:45,29114.3,120,61,59
2020.02.18 18:50,29143.3,89,40,49
2020.02.18 18:55,29113.3,121,59,62
2020.02.18 20:05,29214.7,126,68,58
2020.02.18 20:20,29191.7,118,59,59
2020.02.18 20:50,29173.7,103,59,44
2020.02.18 21:10,29167.2,88,54,34
2020.02.18 21:30,29254.7,135,68,67
2020.02.18 21:35,29226.7,134,63,71
2020.02.18 21:50,29236.7,125,60,65
2020.02.18 22:50,29205.1,103,59,44
2020.02.18 23:00,29239.1,113,58,55
2020.02.18 23:05,29213.1,120,69,51
2020.02.18 23:10,29232.1,127,60,67
2020.02.18 23:35,29236.3,121,58,63
2020.02.18 23:55,29249.3,115,64,51
2020.02.19 00:25,29225.9,125,54,71
2020.02.19 00:45,29224.2,126,61,65
2020.02.19 01:30,29271.6,179,97,82
2020.02.19 01:35,29261.6,133,75,58
2020.02.19 01:45,29285.6,223,127,96
2020.02.19 01:50,29273.1,178,94,84
2020.02.19 02:00,29312.1,259,130,129
2020.02.19 02:20,29277.6,180,89,91
2020.02.19 03:20,29267.6,153,90,63
2020.02.19 03:25,29253.1,115,60,55
2020.02.19 04:00,29291.1,206,112,94
2020.02.19 04:05,29282.1,177,95,82
2020.02.19 04:55,29280.1,177,90,87
2020.02.19 06:00,29318.1,219,100,119
2020.02.19 06:10,29335.1,198,94,104
2020.02.19 06:40,29332.1,193,98,95
2020.02.19 07:30,29303.1,257,132,125
2020.02.19 07:40,29312.1,246,126,120
2020.02.19 07:45,29304.1,257,128,129
2020.02.19 08:15,29298.1,238,129,109
2020.02.19 08:30,29312.6,238,115,123
2020.02.19 08:50,29298.1,237,128,109
2020.02.19 08:55,29307.6,244,119,125
2020.02.19 09:00,29296.1,229,123,106
2020.02.19 09:40,29296.6,228,120,108
2020.02.19 09:55,29321.1,197,92,105
2020.02.19 10:25,29263.8,139,78,61
2020.02.19 11:25,29308.8,236,119,117
2020.02.19 11:50,29293.8,210,110,100
2020.02.19 11:55,29282.3,166,90,76
2020.02.19 12:00,29291.8,196,104,92
2020.02.19 12:05,29279.8,168,82,86
2020.02.19 13:05,29284.8,183,99,84
2020.02.19 13:10,29297.8,226,121,105
2020.02.19 14:25,29295.3,201,112,89
2020.02.19 15:20,29317.3,218,99,119
2020.02.19 15:45,29321.8,202,94,108
2020.02.19 16:40,29327.2,198,104,94
2020.02.19 16:45,29294.2,194,102,92
2020.02.19 16:50,29327.2,197,104,93
2020.02.19 17:00,29271.2,168,91,77
2020.02.19 18:20,29384.9,186,87,99
2020.02.19 18:30,29365.9,193,110,83
2020.02.19 18:35,29388.4,187,96,91
2020.02.19 19:00,29362.9,185,99,86
2020.02.19 20:30,29382.9,184,89,95
2020.02.19 21:00,29355.4,217,111,106
2020.02.19 21:15,29387.4,173,83,90
2020.02.19 21:45,29409.4,180,92,88
2020.02.19 22:10,29365.4,185,101,84
2020.02.19 22:25,29381.2,183,88,95
2020.02.19 22:50,29337.7,198,98,100
2020.02.20 00:25,29347.3,208,110,98
2020.02.20 01:00,29386.1,172,81,91
2020.02.20 01:05,29364.6,180,98,82
2020.02.20 01:45,29394.1,166,78,88
2020.02.20 01:50,29383.6,174,84,90
2020.02.20 02:05,29445.1,162,78,84
2020.02.20 02:10,29414.6,182,90,92
2020.02.20 02:30,29437.1,166,85,81
2020.02.20 03:05,29417.6,180,80,100
2020.02.20 03:10,29433.1,161,80,81
2020.02.20 03:20,29411.1,180,90,90
2020.02.20 05:10,29330.1,202,109,93
2020.02.20 05:30,29256.1,123,65,58
2020.02.20 05:45,29286.6,173,94,79
2020.02.20 06:25,29297.1,202,106,96
2020.02.20 07:15,29295.1,185,101,84
2020.02.20 07:20,29307.6,198,100,98
2020.02.20 07:35,29293.1,175,89,86
2020.02.20 08:00,29303.1,197,97,100
2020.02.20 08:05,29317.6,186,93,93
2020.02.20 08:10,29304.6,199,96,103
2020.02.20 08:20,29343.6,200,106,94
2020.02.20 08:35,29348.1,198,105,93
2020.02.20 09:20,29388.6,165,82,83
2020.02.20 09:55,29378.6,175,87,88
2020.02.20 10:25,29284.3,167,87,80
2020.02.20 10:30,29308.8,193,99,94
2020.02.20 10:35,29287.3,167,90,77
2020.02.20 10:55,29319.3,180,92,88
2020.02.20 11:00,29304.8,192,92,100
2020.02.20 11:10,29334.3,187,90,97
2020.02.20 11:40,29330.3,190,105,85
2020.02.20 11:55,29334.3,186,90,96
2020.02.20 12:20,29293.3,174,88,86
2020.02.20 12:30,29310.3,182,95,87
2020.02.20 12:35,29299.3,189,88,101
2020.02.20 12:40,29307.3,183,90,93
2020.02.20 12:50,29286.3,166,89,77
2020.02.20 12:55,29310.3,181,95,86
2020.02.20 14:00,29272.3,164,88,76
2020.02.20 15:15,29316.3,176,88,88
2020.02.20 15:25,29294.8,157,82,75
2020.02.20 15:30,29321.8,174,84,90
2020.02.20 15:40,29251.3,116,63,53
2020.02.20 15:45,29280.3,152,76,76
2020.02.20 16:35,29270.7,150,83,67
2020.02.20 16:40,29316.7,171,87,84
2020.02.20 16:45,29283.2,145,75,70
2020.02.20 16:55,29342.7,196,103,93
2020.02.20 17:00,29316.2,172,87,85
2020.02.20 17:15,29357.7,191,102,89
2020.02.20 17:25,29329.7,185,102,83
2020.02.20 18:40,29084.2,134,65,69
2020.02.20 18:55,29121.2,101,41,60
2020.02.20 19:05,29014.7,61,32,29
2020.02.20 19:20,29035.7,80,44,36
2020.02.20 20:30,29177.2,103,61,42
2020.02.20 20:40,29126.2,96,41,55
2020.02.20 20:55,29129.2,100,43,57
2020.02.20 21:25,29165.7,74,42,32
2020.02.20 21:35,29224.2,123,61,62
2020.02.20 22:10,29144.2,81,38,43
2020.02.20 22:30,29221.2,122,61,61
2020.02.20 22:35,29184.2,101,51,50
2020.02.20 22:55,29237.2,113,55,58
2020.02.20 23:50,29164.3,66,36,30
2020.02.20 23:55,29183.3,95,52,43
2020.02.21 00:00,29165.1,68,37,31
2020.02.21 00:05,29171.5,73,45,28
2020.02.21 00:15,29162.8,65,35,30
2020.02.21 00:20,29171.5,72,45,27
2020.02.21 00:25,29166.1,70,38,32
2020.02.21 01:20,29115.6,108,57,51
2020.02.21 01:40,29145.1,77,39,38
2020.02.21 02:20,29153.1,68,38,30
2020.02.21 02:35,29166.1,66,36,30
2020.02.21 03:20,29153.1,65,37,28
2020.02.21 03:25,29122.1,86,31,55
2020.02.21 03:35,29152.6,64,37,27
2020.02.21 04:30,29070.1,107,52,55
2020.02.21 04:45,29112.1,109,54,55
2020.02.21 04:55,29092.6,121,59,62
2020.02.21 05:05,29117.1,96,49,47
2020.02.21 06:10,29118.1,92,48,44
2020.02.21 06:40,29081.1,117,63,54
2020.02.21 07:00,29111.1,97,49,48
2020.02.21 07:40,29056.1,81,50,31
2020.02.21 07:45,29071.6,101,47,54
2020.02.21 07:50,29053.1,77,42,35
2020.02.21 08:00,29079.1,113,61,52
2020.02.21 08:35,29022.1,65,36,29
2020.02.21 09:10,29010.1,65,28,37
2020.02.21 09:25,29042.1,73,37,36
2020.02.21 09:50,29042.1,72,37,35
2020.02.21 10:20,29043.3,69,37,32
2020.02.21 10:25,29019.8,55,28,27
2020.02.21 10:40,29108.8,92,48,44
2020.02.21 11:00,29109.3,97,52,45
2020.02.21 13:55,29070.3,91,43,48
2020.02.21 14:00,29096.8,92,41,51
2020.02.21 14:05,29079.8,94,49,45
2020.02.21 15:40,29095.3,89,40,49
2020.02.21 16:00,29064.8,82,46,36
2020.02.21 16:20,29110.8,91,46,45
2020.02.21 16:25,29070.8,85,37,48
2020.02.21 16:30,29119.2,83,36,47
2020.02.21 16:50,28923.7,44,23,21
2020.02.21 16:55,28990.7,68,34,34
2020.02.21 18:05,28991.4,66,32,34
2020.02.21 18:10,28954.4,51,24,27
2020.02.21 18:45,29001.4,58,31,27
2020.02.21 18:55,29057.4,70,44,26
2020.02.21 19:00,29021.4,48,23,25
2020.02.21 19:40,29036.6,53,31,22
2020.02.21 19:55,28999.6,60,30,30
2020.02.21 20:20,28972.6,56,24,32
2020.02.21 20:25,29000.6,56,30,26
2020.02.21 20:50,28917.6,35,21,14
2020.02.21 21:30,28993.6,63,31,32
2020.02.21 21:35,28958.6,43,25,18
2020.02.21 21:40,28996.1,58,28,30
2020.02.21 21:55,28991.6,60,31,29
2020.02.21 22:05,28940.1,37,16,21
2020.02.21 23:10,28985.1,49,27,22
2020.02.21 23:40,28978.3,40,20,20
2020.02.24 01:20,28664.6,145,77,68
2020.02.24 01:25,28633.6,169,96,73
2020.02.24 01:40,28633.1,171,98,73
2020.02.24 01:45,28673.6,147,84,63
2020.02.24 01:50,28618.6,133,73,60
2020.02.24 02:30,28680.1,159,93,66
2020.02.24 03:05,28656.6,155,69,86
2020.02.24 03:10,28627.6,136,80,56
2020.02.24 03:25,28630.1,144,87,57
2020.02.24 03:30,28658.6,155,79,76
2020.02.24 04:10,28630.6,142,81,61
2020.02.24 05:00,28537.1,246,111,135
2020.02.24 06:35,28588.1,182,81,101
2020.02.24 07:10,28572.6,175,83,92
2020.02.24 07:20,28610.1,114,58,56
2020.02.24 08:05,28607.1,116,53,63
2020.02.24 08:20,28581.1,160,75,85
2020.02.24 08:35,28605.1,116,54,62
2020.02.24 08:45,28582.1,162,76,86
2020.02.24 09:15,28503.1,231,107,124
2020.02.24 09:40,28579.6,162,79,83
2020.02.24 11:25,28211.3,374,170,204
2020.02.24 11:30,28270.8,338,165,173
2020.02.24 11:35,28182.8,386,216,170
2020.02.24 12:10,28240.8,332,173,159
2020.02.24 12:35,28203.8,409,188,221
2020.02.24 12:40,28238.8,323,173,150
2020.02.24 13:10,28131.8,323,153,170
2020.02.24 13:50,28290.3,399,204,195
2020.02.24 13:55,28252.3,333,172,161
2020.02.24 14:10,28317.8,400,200,200
2020.02.24 14:50,28227.8,279,144,135
2020.02.24 14:55,28206.3,396,181,215
2020.02.24 15:40,28195.3,424,213,211
2020.02.24 17:15,28287.1,386,198,188
2020.02.24 17:40,28078.1,288,152,136
2020.02.24 18:05,28114.1,300,154,146
2020.02.24 18:20,28201.6,400,200,200
2020.02.24 19:15,27984.1,339,176,163
2020.02.24 19:30,27978.1,330,170,160
2020.02.24 19:40,28080.8,295,156,139
2020.02.24 20:15,27908.3,395,187,208
2020.02.24 20:35,28041.8,333,153,180
2020.02.24 20:40,27995.8,295,147,148
2020.02.24 20:50,28054.8,308,151,157
2020.02.24 20:55,28009.8,274,133,141
2020.02.24 21:00,28061.3,305,148,157
2020.02.24 21:15,27953.3,415,191,224
2020.02.24 22:15,28124.8,310,148,162
2020.02.24 22:20,28168.7,268,141,127
2020.02.24 22:40,28032.2,326,168,158
2020.02.24 22:45,28104.7,294,140,154
2020.02.24 23:20,27871.9,395,224,171
2020.02.24 23:40,27938.8,444,223,221
2020.02.25 00:00,27978.2,317,164,153
2020.02.25 00:05,27985.7,331,165,166
2020.02.25 00:10,27974.9,309,165,144
2020.02.25 00:45,27963.1,326,156,170
2020.02.25 02:25,28099.1,305,137,168
2020.02.25 02:35,28153.1,262,136,126
2020.02.25 02:45,28104.6,291,136,155
2020.02.25 03:30,28191.6,408,215,193
2020.02.25 03:45,28247.1,329,166,163
2020.02.25 04:10,28177.1,318,171,147
2020.02.25 04:20,28226.1,263,136,127
2020.02.25 05:10,28122.6,297,140,157
2020.02.25 05:30,28173.6,291,164,127
2020.02.25 06:15,28135.1,303,136,167
2020.02.25 06:30,28176.1,307,169,138
2020.02.25 06:35,28163.6,245,128,117
2020.02.25 06:50,28179.1,320,171,149
2020.02.25 06:55,28167.6,247,127,120
2020.02.25 07:50,28191.1,399,213,186
2020.02.25 07:55,28210.1,351,159,192
2020.02.25 08:50,28202.6,375,188,187
2020.02.25 08:55,28229.6,257,138,119
2020.02.25 09:00,28209.6,350,156,194
2020.02.25 09:35,28140.1,285,121,164
2020.02.25 11:00,28139.8,279,120,159
2020.02.25 11:45,28077.3,268,145,123
2020.02.25 12:30,27968.3,304,148,156
2020.02.25 12:35,28003.3,262,124,138
2020.02.25 12:55,28025.3,288,143,145
2020.02.25 13:05,27976.8,302,163,139
2020.02.25 13:55,28041.3,308,139,169
2020.02.25 14:30,28054.3,282,133,149
2020.02.25 15:05,28087.8,289,149,140
2020.02.25 15:10,28137.3,280,120,160
2020.02.25 15:30,28073.8,252,130,122
2020.02.25 15:50,28140.8,277,118,159
2020.02.25 16:20,28111.3,271,143,128
2020.02.25 16:45,27951.7,416,193,223
2020.02.25 17:00,28078.2,259,140,119
2020.02.25 18:00,27772.8,360,204,156
2020.02.25 18:35,27684.8,376,201,175
2020.02.25 18:40,27598.3,267,136,131
2020.02.25 19:05,27636.8,290,147,143
2020.02.25 19:10,27691.3,379,186,193
2020.02.25 19:25,27559.3,282,138,144
2020.02.25 19:35,27639.3,285,139,146
2020.02.25 20:10,27526.2,313,176,137
2020.02.25 21:15,27241.7,261,137,124
2020.02.25 22:05,27302.2,278,136,142
2020.02.25 22:35,26996.9,214,98,116
2020.02.25 22:45,27195.9,230,116,114
2020.02.25 23:25,27120.2,228,112,116
2020.02.25 23:45,27222.0,280,141,139
2020.02.26 00:05,27179.6,221,116,105
2020.02.26 00:20,27097.3,222,110,112
2020.02.26 00:35,27162.9,232,104,128
2020.02.26 01:20,27194.8,228,114,114
2020.02.26 01:30,27253.8,252,133,119
2020.02.26 01:35,27212.8,261,140,121
2020.02.26 01:55,27258.8,265,135,130
2020.02.26 02:20,27204.3,244,124,120
2020.02.26 02:45,27252.8,243,126,117
2020.02.26 03:35,27262.8,258,125,133
2020.02.26 03:55,27244.3,246,129,117
2020.02.26 04:00,27151.8,254,118,136
2020.02.26 04:15,27307.8,282,141,141
2020.02.26 04:20,27248.8,253,121,132
2020.02.26 04:55,27281.3,228,114,114
2020.02.26 05:00,27321.3,282,146,136
2020.02.26 05:05,27285.8,229,117,112
2020.02.26 05:15,27337.3,252,128,124
2020.02.26 05:20,27300.3,270,140,130
2020.02.26 05:25,27329.3,253,126,127
2020.02.26 05:45,27315.8,284,136,148
2020.02.26 06:15,27209.3,247,137,110
2020.02.26 07:10,27270.3,236,115,121
2020.02.26 07:20,27223.8,255,136,119
2020.02.26 07:30,27272.3,236,109,127
2020.02.26 07:55,27274.3,230,103,127
2020.02.26 08:30,27177.8,208,105,103
2020.02.26 08:35,27205.8,236,125,111
2020.02.26 09:10,27182.8,208,103,105
2020.02.26 09:20,27120.3,222,109,113
2020.02.26 09:25,27177.3,204,101,103
2020.02.26 09:35,27124.3,213,110,103
2020.02.26 10:05,27274.5,226,102,124
2020.02.26 11:10,26713.0,404,208,196
2020.02.26 11:25,26932.5,218,108,110
2020.02.26 11:30,26864.5,318,164,154
2020.02.26 11:40,27003.0,195,97,98
2020.02.26 12:30,27094.5,211,113,98
2020.02.26 13:25,27159.0,238,111,127
2020.02.26 13:30,27112.5,204,108,96
2020.02.26 13:40,27190.5,200,102,98
2020.02.26 14:00,27042.0,130,63,67
2020.02.26 14:10,27178.5,193,100,93
2020.02.26 14:35,27015.0,174,74,100
2020.02.26 15:10,27095.0,208,113,95
2020.02.26 16:00,27218.5,248,123,125
2020.02.26 16:05,27179.0,192,100,92
2020.02.26 16:15,27237.5,224,106,118
2020.02.26 16:20,27203.5,212,108,104
2020.02.26 16:40,27441.9,194,95,99
2020.02.26 17:05,27250.4,217,111,106
2020.02.26 17:50,27539.7,332,168,164
2020.02.26 18:10,27375.2,229,101,128
2020.02.26 18:25,27521.7,288,160,128
2020.02.26 18:35,27418.7,203,112,91
2020.02.26 18:40,27490.2,189,106,83
2020.02.26 19:15,27068.7,154,75,79
2020.02.26 19:35,27294.7,249,125,124
2020.02.26 19:40,27196.2,190,97,93
2020.02.26 19:45,27263.2,226,112,114
2020.02.26 19:55,27158.7,224,106,118
2020.02.26 20:00,27250.7,208,106,102
2020.02.26 20:25,27210.7,217,118,99
2020.02.26 21:15,27053.7,131,76,55
2020.02.26 21:20,26960.2,229,118,111
2020.02.26 21:25,27085.2,195,110,85
2020.02.26 21:30,26962.2,233,125,108
2020.02.26 21:35,27068.2,149,76,73
2020.02.26 21:40,26931.2,214,102,112
2020.02.26 21:45,27027.2,130,70,60
2020.02.26 21:50,26917.2,249,112,137
2020.02.26 22:15,27108.7,187,99,88
2020.02.26 22:25,26950.6,217,111,106
2020.02.26 23:20,26883.1,317,147,170
2020.02.26 23:55,26824.4,272,133,139
2020.02.27 00:30,26846.4,308,151,157
2020.02.27 00:50,26901.3,282,127,155
2020.02.27 01:00,26818.2,281,140,141
2020.02.27 01:35,26989.2,202,92,110
2020.02.27 01:50,26792.7,302,139,163
2020.02.27 01:55,26904.7,272,128,144
2020.02.27 02:05,26656.7,333,180,153
2020.02.27 02:15,26860.7,302,162,140
2020.02.27 02:20,26793.2,303,141,162
2020.02.27 03:10,26670.7,364,183,181
2020.02.27 03:35,26689.7,396,218,178
2020.02.27 03:45,26754.2,385,188,197
2020.02.27 04:05,26666.7,351,187,164
2020.02.27 06:30,26518.2,423,217,206
2020.02.27 06:35,26549.2,389,184,205
2020.02.27 06:40,26503.7,441,230,211
2020.02.27 06:45,26533.2,435,212,223
2020.02.27 06:55,26482.2,396,203,193
2020.02.27 07:10,26583.7,345,164,181
2020.02.27 07:15,26538.2,424,203,221
2020.02.27 07:55,26590.7,338,165,173
2020.02.27 08:20,26566.7,334,162,172
2020.02.27 08:25,26522.7,428,210,218
2020.02.27 08:30,26587.7,341,166,175
2020.02.27 09:00,26751.7,380,188,192
2020.02.27 09:05,26651.2,306,160,146
2020.02.27 09:50,26828.7,271,142,129
2020.02.27 09:55,26724.2,376,192,184
2020.02.27 10:00,26806.4,275,134,141
2020.02.27 10:20,26811.4,276,141,135
2020.02.27 10:40,26647.9,310,159,151
2020.02.27 11:10,26781.4,301,141,160
2020.02.27 11:30,26871.9,307,162,145
2020.02.27 11:55,26747.4,360,165,195
2020.02.27 12:00,26802.4,256,125,131
2020.02.27 12:05,26755.4,372,179,193
2020.02.27 12:10,26795.4,283,138,145
2020.02.27 13:05,26618.4,308,171,137
2020.02.27 13:30,26713.4,379,191,188
2020.02.27 13:35,26647.9,305,157,148
2020.02.27 13:45,26723.9,366,186,180
2020.02.27 14:00,26637.9,324,167,157
2020.02.27 14:50,26597.4,321,164,157
2020.02.27 15:20,26476.9,395,193,202
2020.02.27 15:30,26594.4,324,155,169
2020.02.27 15:45,26615.9,304,162,142
2020.02.27 16:10,26462.9,347,192,155
2020.02.27 16:20,26520.4,420,199,221
2020.02.27 16:45,26287.3,369,183,186
2020.02.27 16:55,26515.8,413,203,210
2020.02.27 19:15,26676.2,357,179,178
2020.02.27 19:45,26654.7,298,159,139
2020.02.27 19:50,26756.0,361,171,190
2020.02.27 20:00,26566.5,310,151,159
2020.02.27 21:25,26377.0,318,159,159
2020.02.27 22:00,26128.0,370,186,184
2020.02.27 22:10,26302.5,354,169,185
2020.02.27 23:25,25765.9,268,122,146
2020.02.28 00:00,25430.8,277,146,131
2020.02.28 00:25,25662.2,307,150,157
2020.02.28 00:50,25522.7,309,159,150
2020.02.28 01:10,25434.5,281,140,141
2020.02.28 01:45,25688.0,289,128,161
2020.02.28 01:50,25618.5,289,134,155
2020.02.28 02:00,25698.0,281,138,143
2020.02.28 02:25,25550.5,286,151,135
2020.02.28 02:45,25687.5,287,133,154
2020.02.28 03:00,25696.0,281,136,145
2020.02.28 04:05,25652.0,284,141,143
2020.02.28 04:15,25773.0,243,123,120
2020.02.28 05:30,25283.5,210,102,108
2020.02.28 06:05,25387.0,300,143,157
2020.02.28 06:10,25476.5,307,150,157
2020.02.28 06:25,25372.5,267,126,141
2020.02.28 06:50,25410.0,289,143,146
2020.02.28 07:30,25313.5,210,96,114
2020.02.28 07:40,25176.5,195,98,97
2020.02.28 07:45,25251.0,180,93,87
2020.02.28 07:55,25145.0,175,88,87
2020.02.28 08:00,25247.5,191,95,96
2020.02.28 08:10,25131.0,175,98,77
2020.02.28 08:15,25198.0,221,108,113
2020.02.28 08:25,25099.0,137,67,70
2020.02.28 08:30,25153.0,177,89,88
2020.02.28 09:30,25458.5,285,135,150
2020.02.28 09:40,25195.5,224,116,108
2020.02.28 09:45,25342.5,246,144,102
2020.02.28 10:20,25471.2,305,159,146
2020.02.28 11:00,25204.2,221,107,114
2020.02.28 11:30,24879.7,59,31,28
2020.02.28 11:45,25211.2,227,109,118
2020.02.28 11:55,25014.2,123,73,50
2020.02.28 12:00,25137.2,156,89,67
2020.02.28 12:25,25349.2,254,144,110
2020.02.28 13:35,25385.7,281,136,145
2020.02.28 14:35,25324.2,189,100,89
2020.02.28 15:05,25325.7,189,103,86
2020.02.28 16:35,25373.5,242,124,118
2020.02.28 17:30,24694.0,117,69,48
2020.02.28 17:35,24909.5,72,41,31
2020.02.28 18:05,24774.8,84,42,42
2020.02.28 18:40,25491.8,275,136,139
2020.02.28 19:00,24929.3,71,37,34
2020.02.28 19:45,25069.3,113,58,55
2020.02.28 20:55,24970.4,116,53,63
2020.02.28 21:05,24773.2,88,42,46
2020.02.28 21:45,25317.7,177,86,91
2020.02.28 22:05,24891.2,50,29,21
2020.02.28 23:05,25685.2,283,134,149
2020.02.28 23:50,25751.7,277,131,146
2020.03.02 01:35,24996.7,87,42,45
2020.03.02 01:40,25110.7,105,61,44
2020.03.02 01:50,25040.2,96,44,52
2020.03.02 02:05,25197.7,193,97,96
2020.03.02 03:40,25548.2,273,145,128
2020.03.02 04:00,25341.2,205,119,86
2020.03.02 04:25,25599.2,260,129,131
2020.03.02 04:30,25507.7,278,139,139
2020.03.02 04:50,25716.2,283,145,138
2020.03.02 05:00,25611.2,271,130,141
2020.03.02 05:05,25710.2,272,139,133
2020.03.02 05:35,25692.2,260,130,130
2020.03.02 06:45,25449.2,274,143,131
2020.03.02 07:15,25500.7,266,136,130
2020.03.02 07:45,25531.2,267,121,146
2020.03.02 07:55,25596.2,252,125,127
2020.03.02 08:10,25497.7,277,137,140
2020.03.02 08:30,25573.7,247,117,130
2020.03.02 08:35,25534.7,249,121,128
2020.03.02 08:40,25565.7,257,128,129
2020.03.02 09:10,25679.7,289,126,163
2020.03.02 09:20,25531.7,260,120,140
2020.03.02 10:00,25804.4,270,138,132
2020.03.02 10:10,25984.9,216,107,109
2020.03.02 11:00,25806.9,271,135,136
2020.03.02 11:05,25880.4,304,146,158
2020.03.02 11:15,25718.4,282,145,137
2020.03.02 12:10,25482.9,258,128,130
2020.03.02 13:20,25450.4,269,139,130
2020.03.02 14:35,25196.4,184,95,89
2020.03.02 15:10,25304.4,165,83,82
2020.03.02 15:15,25397.4,260,134,126
2020.03.02 15:25,25161.4,147,81,66
2020.03.02 15:35,25325.9,166,94,72
2020.03.02 15:45,25241.4,127,70,57
2020.03.02 16:35,25442.8,253,132,121
2020.03.02 16:45,25687.3,271,129,142
2020.03.02 17:05,25384.3,249,125,124
2020.03.02 17:15,25623.8,224,102,122
2020.03.02 17:20,25438.8,240,126,114
2020.03.02 17:50,25858.8,281,155,126
2020.03.02 18:05,25690.7,253,122,131
2020.03.02 19:20,25997.2,211,111,100
2020.03.02 20:00,26226.2,439,240,199
2020.03.02 20:30,25969.7,229,115,114
2020.03.02 20:50,26028.7,223,129,94
2020.03.02 21:40,25857.2,272,155,117
2020.03.02 23:00,26727.1,359,192,167
2020.03.02 23:40,26561.1,326,152,174
2020.03.03 00:00,26559.7,325,146,179
2020.03.03 00:05,26538.5,385,179,206
2020.03.03 00:20,26588.9,311,151,160
2020.03.03 02:05,26764.1,341,169,172
2020.03.03 02:20,26646.6,288,147,141
2020.03.03 02:45,26680.6,340,170,170
2020.03.03 03:00,26745.6,350,172,178
2020.03.03 03:55,26554.1,327,156,171
2020.03.03 04:05,26625.1,312,158,154
2020.03.03 04:25,26507.6,427,215,212
2020.03.03 04:40,26535.1,392,191,201
2020.03.03 04:50,26613.1,274,152,122
2020.03.03 04:55,26525.1,404,202,202
2020.03.03 05:30,26672.6,337,173,164
2020.03.03 05:45,26611.6,265,148,117
2020.03.03 05:50,26642.6,279,143,136
2020.03.03 06:15,26595.6,279,140,139
2020.03.03 06:40,26553.6,322,154,168
2020.03.03 06:45,26451.6,290,147,143
2020.03.03 07:20,26453.1,288,145,143
2020.03.03 07:25,26491.6,381,199,182
2020.03.03 07:30,26437.1,293,147,146
2020.03.03 08:30,26433.6,302,155,147
2020.03.03 08:35,26361.1,320,171,149
2020.03.03 09:35,26464.6,317,174,143
2020.03.03 10:05,26455.8,289,145,144
2020.03.03 10:20,26731.3,338,185,153
2020.03.03 10:40,26803.3,254,126,128
2020.03.03 11:05,26631.8,295,149,146
2020.03.03 11:50,26816.8,266,136,130
2020.03.03 11:55,26747.8,346,161,185
2020.03.03 12:00,26822.3,260,124,136
2020.03.03 12:10,26724.3,342,174,168
2020.03.03 12:55,26779.8,283,138,145
2020.03.03 13:20,26701.8,329,163,166
2020.03.03 13:25,26597.8,278,141,137
2020.03.03 13:35,26685.3,325,175,150
2020.03.03 13:55,26614.8,261,144,117
2020.03.03 14:45,26393.8,268,127,141
2020.03.03 15:05,26406.8,307,156,151
2020.03.03 15:25,26692.8,329,170,159
2020.03.03 15:45,26484.3,355,198,157
2020.03.03 16:05,26680.8,320,161,159
2020.03.03 16:10,26607.8,246,131,115
2020.03.03 16:25,26795.3,274,135,139
2020.03.03 16:35,26459.7,292,152,140
2020.03.03 16:40,26603.7,253,124,129
2020.03.03 16:55,26342.2,274,144,130
2020.03.03 17:15,26476.9,342,166,176
2020.03.03 17:25,26852.4,296,145,151
2020.03.03 17:30,26644.9,248,123,125
2020.03.03 17:40,26832.4,260,142,118
2020.03.03 17:50,26580.9,259,136,123
2020.03.03 18:25,26091.5,364,177,187
2020.03.03 18:40,26409.0,314,164,150
2020.03.03 18:45,26264.5,392,200,192
2020.03.03 19:05,26557.0,289,138,151
2020.03.03 19:15,26337.5,274,142,132
2020.03.03 19:30,26264.5,391,199,192
2020.03.03 19:45,26433.1,281,143,138
2020.03.03 20:25,25980.1,211,104,107
2020.03.03 20:35,26159.6,372,190,182
2020.03.03 21:15,25905.1,276,140,136
2020.03.03 21:20,25703.6,269,127,142
2020.03.03 21:30,25978.1,208,103,105
2020.03.03 21:40,25751.1,258,116,142
2020.03.03 22:15,26208.6,376,190,186
2020.03.03 22:20,26000.9,203,111,92
2020.03.03 22:25,26221.9,394,212,182
2020.03.03 22:35,25829.4,258,123,135
2020.03.03 22:45,26167.4,358,177,181
2020.03.03 22:50,25837.9,263,137,126
2020.03.03 23:05,26062.8,282,149,133
2020.03.03 23:25,25956.2,224,106,118
2020.03.04 00:05,25814.0,256,117,139
2020.03.04 00:10,25830.1,255,125,130
2020.03.04 00:30,25835.1,254,132,122
2020.03.04 01:25,25884.2,277,133,144
2020.03.04 01:35,25768.7,236,106,130
2020.03.04 02:20,26040.7,249,150,99
2020.03.04 02:25,25978.2,196,95,101
2020.03.04 02:40,26130.2,340,169,171
2020.03.04 02:50,26041.7,258,156,102
2020.03.04 03:45,26032.2,208,126,82
2020.03.04 03:55,26091.7,339,168,171
2020.03.04 04:00,26040.7,245,146,99
2020.03.04 04:15,26035.7,218,133,85
2020.03.04 04:45,26209.7,376,194,182
2020.03.04 04:50,26157.7,367,189,178
2020.03.04 05:15,26278.2,383,192,191
2020.03.04 05:20,26226.2,424,231,193
2020.03.04 05:30,26273.2,359,197,162
2020.03.04 05:35,26236.2,426,205,221
2020.03.04 05:40,26262.7,379,188,191
2020.03.04 05:50,26215.7,382,208,174
2020.03.04 06:05,26181.7,367,191,176
2020.03.04 06:25,26171.7,356,180,176
2020.03.04 07:00,26204.7,364,189,175
2020.03.04 07:05,26251.2,388,189,199
2020.03.04 07:25,26260.7,377,195,182
2020.03.04 07:35,26221.7,380,203,177
2020.03.04 07:50,26316.7,307,146,161
2020.03.04 08:00,26246.7,391,186,205
2020.03.04 08:15,26318.7,306,146,160
2020.03.04 08:40,26227.7,418,224,194
2020.03.04 08:45,26269.2,350,183,167
2020.03.04 09:15,26366.2,305,153,152
2020.03.04 09:45,26351.2,264,142,122
2020.03.04 10:10,26219.0,371,203,168
2020.03.04 10:20,26304.0,318,155,163
2020.03.04 10:25,26224.5,393,224,169
2020.03.04 10:50,26391.5,269,125,144
2020.03.04 10:55,26365.5,305,149,156
2020.03.04 11:10,26352.5,266,142,124
2020.03.04 11:25,26433.0,279,144,135
2020.03.04 11:30,26391.5,264,121,143
2020.03.04 12:00,26421.5,284,141,143
2020.03.04 12:25,26493.0,355,184,171
2020.03.04 12:35,26452.5,265,131,134
2020.03.04 12:40,26486.5,341,181,160
2020.03.04 12:55,26425.0,274,138,136
2020.03.04 13:00,26460.5,267,144,123
2020.03.04 13:15,26406.5,281,143,138
2020.03.04 14:10,26604.5,246,122,124
2020.03.04 14:15,26555.5,282,137,145
2020.03.04 14:20,26608.5,237,122,115
2020.03.04 14:25,26563.0,280,130,150
2020.03.04 15:10,26404.5,277,138,139
2020.03.04 15:25,26551.5,299,141,158
2020.03.04 15:30,26462.0,273,147,126
2020.03.04 15:45,26560.5,279,121,158
2020.03.04 16:10,26528.5,349,166,183
2020.03.04 16:15,26468.0,289,164,125
2020.03.04 16:30,26634.4,253,119,134
2020.03.04 16:55,26281.9,360,175,185
2020.03.04 17:25,26594.4,259,127,132
2020.03.04 17:40,26366.4,291,143,148
2020.03.04 17:45,26483.9,318,180,138
2020.03.04 17:55,26352.9,263,140,123
2020.03.04 18:00,26461.4,255,140,115
2020.03.04 18:05,26344.4,251,130,121
2020.03.04 18:15,26474.4,302,153,149
2020.03.04 18:20,26370.4,288,139,149
2020.03.04 18:30,26533.4,348,165,183
2020.03.04 18:40,26361.4,295,157,138
2020.03.04 19:15,26506.4,371,194,177
2020.03.04 19:20,26438.9,244,115,129
2020.03.04 19:40,26467.2,266,152,114
2020.03.04 20:05,26714.7,325,171,154
2020.03.04 20:10,26643.7,243,121,122
2020.03.04 20:50,26776.7,296,141,155
2020.03.04 21:30,26829.2,261,137,124
2020.03.04 21:50,26724.7,307,160,147
2020.03.04 22:45,26891.6,279,130,149
2020.03.04 22:55,27093.6,191,103,88
2020.03.04 23:45,26972.0,197,98,99
2020.03.05 00:05,26980.3,200,99,101
2020.03.05 00:40,26960.1,200,102,98
2020.03.05 01:10,26890.5,279,134,145
2020.03.05 01:40,26863.5,289,154,135
2020.03.05 01:55,26930.5,185,95,90
2020.03.05 02:15,26885.0,281,126,155
2020.03.05 02:20,26846.0,290,138,152
2020.03.05 03:00,26899.5,259,127,132
2020.03.05 04:40,26793.0,242,114,128
2020.03.05 05:00,26859.0,278,146,132
2020.03.05 05:10,26804.5,228,112,116
2020.03.05 05:55,26747.0,306,140,166
2020.03.05 06:10,26781.5,252,119,133
2020.03.05 06:15,26752.0,308,154,154
2020.03.05 07:40,26885.0,275,124,151
2020.03.05 07:45,26861.0,284,151,133
2020.03.05 07:55,26906.0,254,120,134
2020.03.05 09:35,26788.5,229,104,125
2020.03.05 09:40,26760.0,292,146,146
2020.03.05 09:45,26790.0,229,106,123
2020.03.05 09:50,26755.0,298,147,151
2020.03.05 09:55,26785.0,233,107,126
2020.03.05 10:50,26707.7,295,163,132
2020.03.05 11:15,26647.2,242,122,120
2020.03.05 11:35,26622.7,255,133,122
2020.03.05 11:40,26576.2,249,132,117
2020.03.05 11:50,26638.7,249,130,119
2020.03.05 12:25,26483.2,302,165,137
2020.03.05 12:40,26505.7,358,191,167
2020.03.05 12:55,26478.7,290,145,145
2020.03.05 13:40,26539.2,321,144,177
2020.03.05 14:00,26487.7,320,173,147
2020.03.05 14:05,26540.7,316,142,174
2020.03.05 14:10,26497.2,333,180,153
2020.03.05 14:25,26574.7,237,124,113
2020.03.05 14:35,26484.7,305,170,135
2020.03.05 14:45,26545.2,288,133,155
2020.03.05 15:10,26515.2,321,155,166
2020.03.05 15:45,26467.7,259,150,109
2020.03.05 15:50,26402.7,244,128,116
2020.03.05 15:55,26447.7,230,113,117
2020.03.05 16:55,26249.3,385,181,204
2020.03.05 17:00,26341.8,236,119,117
2020.03.05 17:05,26258.8,357,185,172
2020.03.05 17:20,26508.6,350,173,177
2020.03.05 18:15,26612.1,233,129,104
2020.03.05 18:45,26412.1,257,131,126
2020.03.05 18:50,26483.1,292,161,131
2020.03.05 19:25,26254.1,367,178,189
2020.03.05 19:30,26356.1,260,146,114
2020.03.05 19:45,26101.5,347,166,181
2020.03.05 20:15,26054.5,267,147,120
2020.03.05 20:35,26284.5,342,157,185
2020.03.05 21:10,26220.0,367,201,166
2020.03.05 21:25,26039.5,237,147,90
2020.03.05 21:40,26191.0,358,193,165
2020.03.05 22:15,25963.0,208,103,105
2020.03.05 22:20,26043.0,254,144,110
2020.03.05 22:25,25940.9,236,110,126
2020.03.05 22:40,25973.9,205,102,103
2020.03.05 22:50,26186.9,358,181,177
2020.03.05 23:20,26076.6,282,168,114
2020.03.05 23:40,26139.8,311,160,151
2020.03.05 23:45,26092.8,318,160,158
2020.03.06 00:25,26150.4,312,166,146
2020.03.06 01:05,26127.3,300,158,142
2020.03.06 01:40,26179.8,343,176,167
2020.03.06 02:45,26116.8,327,166,161
2020.03.06 02:55,26192.8,346,179,167
2020.03.06 03:40,26111.3,324,153,171
2020.03.06 04:10,25827.3,245,120,125
2020.03.06 04:25,25825.8,243,120,123
2020.03.06 04:35,25947.8,228,114,114
2020.03.06 06:10,25856.8,242,138,104
2020.03.06 06:30,25775.8,214,107,107
2020.03.06 07:10,25732.3,283,141,142
2020.03.06 07:20,25768.3,236,103,133
2020.03.06 07:25,25727.8,279,137,142
2020.03.06 08:25,25867.3,258,148,110
2020.03.06 08:30,25913.3,242,123,119
2020.03.06 09:05,25945.3,225,110,115
2020.03.06 10:45,25861.5,236,131,105
2020.03.06 10:50,25765.5,235,103,132
2020.03.06 11:05,25912.0,234,117,117
2020.03.06 12:40,25382.0,250,128,122
2020.03.06 13:05,25579.0,212,103,109
2020.03.06 13:15,25419.0,237,109,128
2020.03.06 13:40,25554.0,220,113,107
2020.03.06 13:45,25504.0,238,116,122
2020.03.06 13:50,25574.0,209,102,107
2020.03.06 14:05,25568.0,209,100,109
2020.03.06 14:10,25508.0,238,119,119
2020.03.06 14:15,25553.0,218,117,101
2020.03.06 14:30,25425.0,224,114,110
2020.03.06 14:35,25479.0,267,124,143
2020.03.06 15:00,25407.5,264,135,129
2020.03.06 15:10,25286.5,137,70,67
2020.03.06 15:35,25502.5,243,124,119
2020.03.06 15:50,25314.0,152,73,79
2020.03.06 15:55,25421.5,217,107,110
2020.03.06 16:50,25227.9,153,64,89
2020.03.06 17:10,25314.4,144,68,76
2020.03.06 17:30,25717.9,274,145,129
2020.03.06 17:35,25534.4,209,94,115
2020.03.06 17:50,25780.9,194,104,90
2020.03.06 18:35,25678.9,274,119,155
2020.03.06 19:45,25716.9,273,144,129
2020.03.06 19:55,25587.1,203,111,92
2020.03.06 20:05,25710.6,251,130,121
2020.03.06 20:35,25624.6,212,99,113
2020.03.06 20:40,25745.1,230,101,129
2020.03.06 21:20,25466.1,247,131,116
2020.03.06 21:25,25569.6,187,91,96
2020.03.06 21:50,25280.6,137,69,68
2020.03.06 21:55,25375.6,199,93,106
2020.03.06 22:05,25251.1,119,66,53
2020.03.06 22:55,25995.0,177,90,87
2020.03.06 23:20,25820.2,224,112,112
2020.03.06 23:30,25772.9,203,101,102
2020.03.06 23:40,25851.9,215,118,97
2020.03.09 01:35,24734.9,142,71,71
2020.03.09 01:40,24883.4,37,23,14
2020.03.09 02:10,24883.9,36,23,13
2020.03.09 02:50,24750.4,106,52,54
2020.03.09 02:55,24663.4,98,45,53
2020.03.09 03:05,24771.4,82,40,42
2020.03.09 03:10,24680.4,93,45,48
2020.03.09 03:35,24701.4,133,75,58
2020.03.09 03:50,24805.4,51,24,27
2020.03.09 04:30,24764.4,87,43,44
2020.03.09 06:20,24717.4,148,73,75
2020.03.09 07:15,24584.9,186,86,100
2020.03.09 07:25,24653.4,102,49,53
2020.03.09 08:30,24563.9,186,92,94
2020.03.09 09:15,24566.9,199,94,105
2020.03.09 09:20,24582.9,187,94,93
2020.03.09 09:35,24594.4,167,83,84
2020.03.09 09:40,24565.4,187,86,101
2020.03.09 09:45,24610.9,140,62,78
2020.03.09 09:50,24551.9,203,95,108
2020.03.09 12:25,24543.6,211,100,111
2020.03.09 12:30,24583.1,178,90,88
2020.03.09 17:15,24528.8,257,125,132
2020.03.09 17:25,24299.8,221,105,116
2020.03.09 17:30,24493.8,234,127,107
2020.03.09 17:35,24336.3,213,109,104
2020.03.09 17:40,24464.3,207,108,99
2020.03.09 18:05,24110.8,235,132,103
2020.03.09 18:25,24449.8,229,115,114
2020.03.09 18:30,24307.3,195,90,105
2020.03.09 18:50,24683.8,85,43,42
2020.03.09 19:00,24451.3,228,110,118
2020.03.09 19:10,24649.8,104,48,56
2020.03.09 20:00,24323.3,198,103,95
2020.03.09 20:05,24135.3,221,115,106
2020.03.09 20:40,23935.3,272,119,153
2020.03.09 20:45,24042.3,222,113,109
2020.03.09 21:05,23749.3,214,97,117
2020.03.09 22:25,24232.0,233,109,124
2020.03.09 22:30,24016.5,198,84,114
2020.03.09 22:40,24244.5,223,103,120
2020.03.09 23:00,23682.4,236,113,123
2020.03.09 23:20,23942.8,230,106,124
2020.03.09 23:25,23818.4,189,83,106
2020.03.10 01:10,23447.0,330,149,181
2020.03.10 02:05,24261.0,198,105,93
2020.03.10 02:15,24043.0,211,109,102
2020.03.10 03:10,24062.0,221,110,111
2020.03.10 04:05,24549.7,197,100,97
2020.03.10 04:25,24590.7,166,85,81
2020.03.10 04:55,24378.7,235,109,126
2020.03.10 05:00,24472.7,199,102,97
2020.03.10 05:15,24378.7,233,107,126
2020.03.10 06:10,24393.7,196,101,95
2020.03.10 06:25,24479.7,196,105,91
2020.03.10 06:30,24428.7,215,109,106
2020.03.10 06:50,24522.7,245,119,126
2020.03.10 07:10,24449.7,212,107,105
2020.03.10 07:25,24552.9,187,86,101
2020.03.10 07:30,24517.4,258,126,132
2020.03.10 09:05,24672.0,92,40,52
2020.03.10 09:10,24750.0,87,38,49
2020.03.10 09:25,24647.5,100,45,55
2020.03.10 09:35,24740.0,114,48,66
2020.03.10 09:45,24682.5,81,38,43
2020.03.10 10:25,24445.2,206,100,106
2020.03.10 10:35,24556.3,179,89,90
2020.03.10 10:50,24437.3,202,105,97
2020.03.10 10:55,24551.3,185,91,94
2020.03.10 11:00,24433.3,210,101,109
2020.03.10 11:05,24586.8,158,80,78
2020.03.10 11:15,24391.3,209,103,106
2020.03.10 12:00,24828.8,26,14,12
2020.03.10 12:10,24721.8,130,60,70
2020.03.10 13:10,24999.3,84,45,39
2020.03.10 13:30,24980.2,95,48,47
2020.03.10 13:35,24904.2,39,19,20
2020.03.10 14:05,24906.7,42,22,20
2020.03.10 14:10,24958.2,78,49,29
2020.03.10 14:25,24834.2,20,12,8
2020.03.10 14:40,24926.2,41,16,25
2020.03.10 15:00,24902.2,35,23,12
2020.03.10 15:40,24516.2,242,119,123
2020.03.10 16:15,24614.7,111,59,52
2020.03.10 16:30,24809.1,43,17,26
2020.03.10 16:45,24439.1,197,102,95
2020.03.10 16:55,24627.6,85,43,42
2020.03.10 17:00,24512.1,235,125,110
2020.03.10 17:10,24696.1,94,55,39
2020.03.10 18:00,24060.1,219,109,110
2020.03.10 18:05,24282.1,204,90,114
2020.03.10 18:35,23686.2,230,107,123
2020.03.10 18:45,24040.7,209,104,105
2020.03.10 18:55,23765.7,201,91,110
2020.03.10 19:15,24304.7,195,89,106
2020.03.10 19:35,23860.7,260,139,121
2020.03.10 19:55,24178.7,190,97,93
2020.03.10 20:00,23979.7,183,86,97
2020.03.10 20:20,24339.2,198,97,101
2020.03.10 21:00,23922.5,271,132,139
2020.03.10 21:55,24386.5,204,97,107
2020.03.10 22:20,24828.5,23,11,12
2020.03.10 22:30,24543.5,178,86,92
2020.03.10 23:00,25044.7,96,48,48
2020.03.10 23:25,24985.0,86,51,35
2020.03.10 23:40,24852.2,12,8,4
2020.03.11 00:00,24975.8,88,48,40
2020.03.11 00:25,24900.5,27,14,13
2020.03.11 00:45,24927.2,32,12,20
2020.03.11 01:40,24779.0,41,20,21
2020.03.11 01:55,24585.0,143,66,77
2020.03.11 02:00,24699.0,93,54,39
2020.03.11 02:10,24585.0,142,65,77
2020.03.11 02:45,24415.7,195,97,98
2020.03.11 05:15,24295.2,191,99,92
2020.03.11 05:25,24503.2,219,114,105
2020.03.11 05:50,24354.7,206,115,91
2020.03.11 05:55,24426.7,188,95,93
2020.03.11 06:00,24330.7,187,92,95
2020.03.11 06:25,24499.2,202,101,101
2020.03.11 06:40,24331.7,189,89,100
2020.03.11 07:30,24376.7,217,111,106
2020.03.11 07:35,24421.2,179,88,91
2020.03.11 08:10,24175.7,180,97,83
2020.03.11 08:15,24230.2,215,100,115
2020.03.11 08:20,24184.2,180,90,90
2020.03.11 08:25,24248.2,189,85,104
2020.03.11 09:10,24244.7,191,91,100
2020.03.11 09:30,24367.7,203,101,102
2020.03.11 10:15,24422.9,179,93,86
2020.03.11 10:25,24260.9,171,92,79
2020.03.11 10:45,24444.4,176,83,93
2020.03.11 10:50,24361.4,193,95,98
2020.03.11 11:55,24652.4,68,35,33
2020.03.11 12:20,24458.4,162,78,84
2020.03.11 12:50,24366.9,189,88,101
2020.03.11 13:15,24466.4,150,70,80
2020.03.11 13:25,24300.9,180,86,94
2020.03.11 13:50,24484.4,154,89,65
2020.03.11 14:45,24189.4,193,104,89
2020.03.11 14:55,24306.9,162,76,86
2020.03.11 15:20,24335.4,168,84,84
2020.03.11 15:40,24099.4,182,92,90
2020.03.11 15:45,24160.4,190,91,99
2020.03.11 16:00,24039.4,192,98,94
2020.03.11 16:35,24462.3,147,72,75
2020.03.11 16:50,24160.3,188,89,99
2020.03.11 18:00,24169.3,170,90,80
2020.03.11 18:05,23989.3,194,94,100
2020.03.11 18:10,24112.3,195,109,86
2020.03.11 18:25,23870.3,270,138,132
2020.03.11 18:40,24050.3,196,99,97
2020.03.11 18:45,23898.3,271,138,133
2020.03.11 18:50,24024.8,178,87,91
2020.03.11 18:55,23912.3,269,130,139
2020.03.11 19:50,23906.6,281,144,137
2020.03.11 20:30,23914.6,267,136,131
2020.03.11 20:55,23853.7,227,117,110
2020.03.11 21:20,23597.7,231,120,111
2020.03.11 21:30,23734.2,240,121,119
2020.03.11 21:35,23611.7,243,129,114
2020.03.11 21:40,23789.7,172,90,82
2020.03.11 22:10,23331.7,183,100,83
2020.03.11 22:15,23464.2,298,148,150
2020.03.11 22:20,23324.2,180,95,85
2020.03.11 22:40,23761.7,201,95,106
2020.03.11 23:00,23505.1,256,128,128
2020.03.12 00:30,23471.7,290,141,149
2020.03.12 01:10,23811.1,161,79,82
2020.03.12 01:45,23696.6,249,131,118
2020.03.12 01:55,23838.1,188,107,81
2020.03.12 02:25,23608.6,229,120,109
2020.03.12 02:30,23677.6,215,101,114
2020.03.12 02:50,23474.1,289,137,152
2020.03.12 03:45,23401.1,377,185,192
2020.03.12 06:00,22549.0,108,58,50
2020.03.12 06:10,22633.5,59,24,35
2020.03.12 06:40,22447.0,76,39,37
2020.03.12 07:30,22693.0,65,31,34
2020.03.12 07:45,22910.6,45,22,23
2020.03.12 08:35,22757.6,35,18,17
2020.03.12 09:15,22565.1,103,53,50
2020.03.12 09:20,22609.1,99,47,52
2020.03.12 09:25,22539.6,91,43,48
2020.03.12 11:05,22696.8,54,25,29
2020.03.12 11:10,22551.8,95,46,49
2020.03.12 11:55,22469.3,61,32,29
2020.03.12 12:50,22585.3,91,51,40
2020.03.12 13:20,22364.9,89,45,44
2020.03.12 13:25,22437.9,68,28,40
2020.03.12 13:35,22364.9,88,44,44
2020.03.12 13:55,22493.4,67,35,32
2020.03.12 16:50,21240.3,194,99,95
2020.03.12 17:05,21491.3,86,52,34
2020.03.12 17:15,21853.3,152,78,74
2020.03.12 17:20,21619.3,130,60,70
2020.03.12 18:50,21347.8,143,59,84
2020.03.12 18:55,21567.3,110,56,54
2020.03.12 19:10,21291.3,177,82,95
2020.03.12 19:25,21676.3,136,61,75
2020.03.12 19:45,21336.8,148,62,86
2020.03.12 20:05,22856.3,41,21,20
2020.03.12 20:40,21584.2,107,49,58
2020.03.12 21:35,21470.5,79,44,35
2020.03.12 21:50,21835.0,125,63,62
2020.03.12 22:10,21798.0,128,69,59
2020.03.12 22:35,21407.5,98,47,51
2020.03.12 22:40,21649.0,107,57,50
2020.03.12 22:45,21421.5,92,45,47
2020.03.12 22:50,21746.0,105,58,47
2020.03.12 23:10,21191.7,218,118,100
2020.03.12 23:35,20893.2,165,86,79
2020.03.13 00:00,20903.9,165,82,83
2020.03.13 00:05,20961.6,174,89,85
2020.03.13 00:40,20550.6,102,56,46
2020.03.13 01:00,21129.7,229,121,108
2020.03.13 01:20,20633.2,131,76,55
2020.03.13 01:35,21181.7,223,112,111
2020.03.13 01:55,21214.7,219,124,95
2020.03.13 02:10,20910.7,162,83,79
2020.03.13 02:15,21010.7,181,96,85
2020.03.13 03:05,21052.2,195,96,99
2020.03.13 03:40,20929.2,146,67,79
2020.03.13 03:45,21031.2,193,97,96
2020.03.13 03:50,20934.2,151,72,79
2020.03.13 03:55,21009.7,179,94,85
2020.03.13 04:25,20629.7,125,71,54
2020.03.13 04:30,20762.2,117,57,60
2020.03.13 04:40,20532.7,99,47,52
2020.03.13 04:50,20796.7,118,56,62
2020.03.13 05:05,20477.7,89,44,45
2020.03.13 06:25,20408.2,88,41,47
2020.03.13 06:45,20543.2,93,48,45
2020.03.13 07:00,20430.7,78,34,44
2020.03.13 07:40,21339.2,146,61,85
2020.03.13 08:15,21852.7,136,73,63
2020.03.13 08:35,21880.2,131,69,62
2020.03.13 09:15,21122.7,211,115,96
2020.03.13 09:25,21476.7,68,39,29
2020.03.13 09:30,21368.7,117,48,69
2020.03.13 09:50,21460.2,67,32,35
2020.03.13 09:55,21570.2,82,46,36
2020.03.13 10:10,21422.4,81,40,41
2020.03.13 10:35,22113.9,124,59,65
2020.03.13 10:45,21881.9,126,68,58
2020.03.13 10:50,22078.4,113,59,54
2020.03.13 10:55,21909.8,125,60,65
2020.03.13 11:15,21710.8,104,50,54
2020.03.13 11:40,21550.3,70,37,33
2020.03.13 13:00,22028.3,94,49,45
2020.03.13 13:35,21845.3,123,67,56
2020.03.13 13:40,21947.3,96,50,46
2020.03.13 16:30,22528.2,77,43,34
2020.03.13 16:40,21783.2,93,54,39
2020.03.13 16:45,22088.7,110,53,57
2020.03.13 16:55,21659.2,97,56,41
2020.03.13 17:20,22211.7,104,56,48
2020.03.13 17:55,21622.2,92,49,43
2020.03.13 18:10,21928.2,92,40,52
2020.03.13 18:45,21271.7,195,95,100
2020.03.13 18:55,21654.7,89,48,41
2020.03.13 19:25,21486.7,48,27,21
2020.03.13 19:50,21981.7,77,39,38
2020.03.13 20:05,21694.2,99,49,50
2020.03.13 20:30,22179.7,115,61,54
2020.03.13 20:35,21948.2,84,43,41
2020.03.13 20:50,22237.0,102,40,62
2020.03.13 21:15,22044.0,86,47,39
2020.03.13 21:50,21868.0,101,47,54
2020.03.13 22:10,21896.0,88,43,45
2020.03.16 16:45,20359.6,109,48,61
2020.03.16 16:55,21129.1,221,116,105
2020.03.16 17:00,20564.1,102,55,47
2020.03.16 17:10,21039.1,189,99,90
2020.03.16 17:45,21482.1,50,29,21
2020.03.16 18:25,21783.1,74,41,33
2020.03.16 18:45,21300.7,159,75,84
2020.03.16 19:05,21647.7,83,42,41
2020.03.16 19:20,21199.0,205,112,93
2020.03.16 19:35,21453.5,56,20,36
2020.03.16 19:55,21036.0,186,95,91
2020.03.16 20:00,21232.0,200,93,107
2020.03.16 20:05,21095.5,181,100,81
2020.03.16 20:45,21131.0,211,110,101
2020.03.16 21:20,20800.0,110,52,58
2020.03.16 21:35,21348.4,111,44,67
2020.03.16 22:00,21256.4,178,91,87
2020.03.16 22:35,20434.4,77,32,45
2020.03.16 22:45,20840.4,107,58,49
2020.03.16 22:55,20144.4,85,37,48
2020.03.16 23:55,20554.3,90,50,40
2020.03.17 00:25,20304.5,86,42,44
2020.03.17 00:35,20412.5,76,35,41
2020.03.17 01:00,20725.3,115,55,60
2020.03.17 01:10,20304.8,86,42,44
2020.03.17 01:35,20603.3,104,56,48
2020.03.17 01:40,20461.8,64,30,34
2020.03.17 02:05,20677.8,112,60,52
2020.03.17 02:10,20538.8,71,38,33
2020.03.17 02:25,20731.8,112,57,55
2020.03.17 02:35,20622.3,99,55,44
2020.03.17 03:05,20444.8,62,28,34
2020.03.17 03:20,20844.8,110,60,50
2020.03.17 04:15,21254.9,176,90,86
2020.03.17 05:15,20822.8,104,54,50
2020.03.17 05:40,21207.8,191,110,81
2020.03.17 06:15,20945.3,121,62,59
2020.03.17 06:30,21160.8,204,105,99
2020.03.17 06:45,21142.8,189,98,91
2020.03.17 06:50,21100.3,158,87,71
2020.03.17 07:05,21198.8,189,106,83
2020.03.17 08:35,20977.3,132,64,68
2020.03.17 08:50,21100.3,151,81,70
2020.03.17 09:50,21224.9,199,101,98
2020.03.17 12:35,20171.5,86,37,49
2020.03.17 12:45,20561.5,82,45,37
2020.03.17 13:30,20610.0,94,53,41
2020.03.17 13:35,20805.5,95,51,44
2020.03.17 13:40,20567.0,83,47,36
2020.03.17 13:55,21071.5,142,71,71
2020.03.17 15:00,20400.5,66,27,39
2020.03.17 15:50,20500.0,57,27,30
2020.03.17 16:20,20497.0,54,26,28
2020.03.17 16:40,20081.9,84,43,41
2020.03.17 16:45,20438.4,55,27,28
2020.03.17 17:00,19904.9,99,49,50
2020.03.17 17:30,20378.0,84,35,49
2020.03.17 17:35,20090.0,73,33,40
2020.03.17 18:30,20799.0,91,44,47
2020.03.17 19:10,21379.0,85,33,52
2020.03.17 19:50,20617.1,68,36,32
2020.03.17 20:00,20903.1,119,56,63
2020.03.17 20:15,20497.1,51,24,27
2020.03.17 20:45,20982.2,133,67,66
2020.03.17 21:00,20751.2,69,34,35
2020.03.17 21:25,20969.7,121,64,57
2020.03.17 21:50,20830.2,92,47,45
2020.03.17 21:55,21012.7,131,70,61
2020.03.17 22:15,20952.7,110,61,49
2020.03.17 22:25,20720.2,70,34,36
2020.03.17 22:40,21217.2,182,101,81
2020.03.17 23:15,20958.7,110,60,50
2020.03.17 23:20,21007.4,129,65,64
2020.03.17 23:40,21057.6,134,61,73
2020.03.18 00:15,20861.8,86,40,46
2020.03.18 00:50,20801.4,75,37,38
2020.03.18 01:20,20763.1,63,30,33
2020.03.18 01:30,20954.6,102,56,46
2020.03.18 02:10,20487.1,50,25,25
2020.03.18 02:25,20508.6,50,21,29
2020.03.18 02:30,20619.6,52,28,24
2020.03.18 02:35,20436.6,52,22,30
2020.03.18 02:40,20548.1,44,25,19
2020.03.18 02:50,20270.6,69,38,31
2020.03.18 03:50,20278.1,67,34,33
2020.03.18 04:00,20427.1,51,22,29
2020.03.18 04:10,20289.1,67,33,34
2020.03.18 04:15,20418.6,55,23,32
2020.03.18 04:35,20492.1,41,20,21
2020.03.18 04:40,20327.1,63,29,34
2020.03.18 05:10,20313.6,64,29,35
2020.03.18 05:20,20445.6,39,17,22
2020.03.18 05:25,20396.1,48,18,30
2020.03.18 05:55,20708.6,69,34,35
2020.03.18 06:05,20565.1,47,26,21
2020.03.18 06:10,20639.6,53,31,22
2020.03.18 06:35,20401.1,45,17,28
2020.03.18 06:40,20450.6,40,21,19
2020.03.18 07:00,20345.6,61,26,35
2020.03.18 07:10,20441.1,34,17,17
2020.03.18 07:30,20397.6,41,17,24
2020.03.18 07:45,20323.6,59,25,34
2020.03.18 17:05,20465.3,36,16,20
2020.03.18 17:10,20253.8,66,32,34
2020.03.18 17:15,20480.8,33,14,19
2020.03.18 17:20,20162.8,66,26,40
2020.03.18 17:30,20363.3,39,19,20
2020.03.18 17:35,20188.3,62,28,34
2020.03.18 17:40,20383.3,42,19,23
2020.03.18 17:55,19971.3,98,46,52
2020.03.18 18:00,20101.8,66,37,29
2020.03.18 18:15,19797.8,79,35,44
2020.03.18 18:20,20028.8,89,44,45
2020.03.18 18:30,19821.8,65,29,36
2020.03.18 18:35,19984.3,91,42,49
2020.03.18 18:55,20159.8,62,27,35
2020.03.18 19:25,19859.8,79,48,31
2020.03.18 19:45,19778.8,74,35,39
2020.03.18 20:30,19019.7,34,16,18
2020.03.18 20:40,19490.7,55,27,28
2020.03.18 21:25,18893.7,43,23,20
2020.03.18 22:35,19054.2,36,22,14
2020.03.19 00:35,19994.0,80,39,41
2020.03.19 01:10,19695.9,78,41,37
2020.03.19 01:30,19738.4,78,39,39
2020.03.19 02:35,20512.4,35,17,18
2020.03.19 03:20,20216.4,58,29,29
2020.03.19 03:35,20337.4,39,18,21
2020.03.19 04:05,19895.4,79,41,38
2020.03.19 05:35,19183.9,44,21,23
2020.03.19 06:05,18983.9,29,12,17
2020.03.19 06:20,19300.9,35,19,16
2020.03.19 06:25,19048.9,32,18,14
2020.03.19 06:30,19318.4,34,15,19
2020.03.19 06:35,19136.9,35,16,19
2020.03.19 06:40,19424.4,49,21,28
2020.03.19 07:05,18958.4,32,16,16
2020.03.19 07:15,19188.9,33,17,16
2020.03.19 07:20,19016.9,23,10,13
2020.03.19 07:50,19260.9,30,13,17
2020.03.19 08:15,19349.9,42,22,20
2020.03.19 08:20,19166.4,22,12,10
2020.03.19 08:25,19269.9,28,14,14
2020.03.19 08:30,19119.9,24,10,14
2020.03.19 08:45,19411.4,56,25,31
2020.03.19 09:05,19597.4,40,16,24
2020.03.19 09:10,19407.4,56,25,31
2020.03.19 09:20,19664.9,55,30,25
2020.03.19 09:30,19460.9,50,27,23
2020.03.19 09:55,19833.4,51,25,26
2020.03.19 10:10,19609.1,35,15,20
2020.03.19 13:15,19540.6,25,13,12
2020.03.19 13:30,19700.6,61,34,27
2020.03.19 13:55,19598.1,26,8,18
2020.03.19 14:50,19574.1,28,13,15
2020.03.19 14:55,19426.1,44,16,28
2020.03.19 15:50,19752.1,52,28,24
2020.03.19 15:55,19624.1,25,11,14
2020.03.19 16:15,19802.6,44,21,23
2020.03.19 16:40,19171.5,21,9,12
2020.03.19 17:15,20138.0,57,23,34
2020.03.19 17:20,19858.5,49,28,21
2020.03.19 17:30,20077.0,57,31,26
2020.03.19 17:50,19598.5,20,5,15
2020.03.19 18:35,20402.5,30,14,16
2020.03.19 19:20,20030.5,58,32,26
2020.03.19 19:35,19835.0,37,20,17
2020.03.19 19:55,20254.2,41,19,22
2020.03.19 20:10,20184.7,42,16,26
2020.03.19 20:15,19986.7,49,24,25
2020.03.19 20:20,20178.7,46,18,28
2020.03.19 20:30,19992.7,50,22,28
2020.03.19 20:55,20415.1,28,14,14
2020.03.19 21:40,20440.1,26,14,12
2020.03.19 22:10,19883.1,44,20,24
2020.03.19 22:45,20323.6,27,15,12
2020.03.19 23:45,19664.5,28,16,12
2020.03.20 00:05,19758.9,35,17,18
2020.03.20 00:45,19677.4,30,17,13
2020.03.20 01:05,19824.0,28,14,14
2020.03.20 01:20,19794.0,29,14,15
2020.03.20 01:50,19747.5,24,14,10
2020.03.20 02:20,19744.0,24,15,9
2020.03.20 02:35,19617.5,15,5,10
2020.03.20 03:10,19658.0,14,6,8
2020.03.20 03:25,19848.5,36,22,14
2020.03.20 04:25,20033.5,36,16,20
2020.03.20 04:45,19651.0,12,3,9
2020.03.20 05:00,19803.0,22,13,9
2020.03.20 05:05,19677.0,7,2,5
2020.03.20 05:20,19968.5,36,18,18
2020.03.20 05:45,19942.5,33,14,19
2020.03.20 05:50,19829.0,21,10,11
2020.03.20 05:55,19927.0,31,17,14
2020.03.20 06:05,19794.5,17,8,9
2020.03.20 06:15,19923.0,29,15,14
2020.03.20 06:45,19920.5,28,14,14
2020.03.20 08:00,20070.5,28,15,13
2020.03.20 08:15,19951.5,29,14,15
2020.03.20 08:25,20084.0,29,19,10
2020.03.20 08:40,19990.5,31,13,18
2020.03.20 10:05,20280.2,23,12,11
2020.03.20 10:45,20615.2,49,29,20
2020.03.20 11:40,20626.7,46,23,23
2020.03.20 12:20,20937.7,87,46,41
2020.03.20 12:35,20775.2,62,27,35
2020.03.20 13:00,20890.2,77,45,32
2020.03.20 13:30,20688.2,55,34,21
2020.03.20 13:35,20804.2,59,31,28
2020.03.20 13:45,20645.7,55,31,24
2020.03.20 14:25,20375.2,24,10,14
2020.03.20 14:30,20573.7,43,22,21
2020.03.20 15:05,20671.2,45,25,20
2020.03.20 15:30,20243.2,25,11,14
2020.03.20 15:35,20395.7,19,11,8
2020.03.20 16:05,20340.2,19,10,9
2020.03.20 16:25,20384.2,20,12,8
2020.03.20 16:45,19885.6,22,10,12
2020.03.20 17:45,20241.5,11,4,7
2020.03.20 18:05,20360.5,13,9,4
2020.03.20 18:10,20541.5,26,15,11
2020.03.20 18:25,19989.0,26,10,16
2020.03.20 19:25,19710.0,8,4,4
2020.03.20 19:40,19777.5,13,6,7
2020.03.20 20:25,19834.0,13,4,9
2020.03.20 20:30,19963.0,18,9,9
2020.03.20 20:35,19793.0,13,5,8
2020.03.20 20:50,19852.0,9,4,5
2020.03.20 21:05,20001.5,17,10,7
2020.03.20 21:40,19498.5,25,12,13
2020.03.20 21:45,19663.0,8,3,5
2020.03.20 22:10,19487.0,26,15,11
2020.03.20 22:30,19689.0,4,3,1
2020.03.20 22:55,19094.0,25,10,15
2020.03.23 01:00,18184.9,0,0,0
2020.03.23 02:40,18614.9,41,18,23
2020.03.23 02:45,18217.9,17,12,5
2020.03.23 03:15,18202.9,4,4,0
2020.03.23 03:45,18257.9,13,4,9
2020.03.23 03:50,18340.9,37,24,13
2020.03.23 04:15,18266.9,13,7,6
2020.03.23 04:55,18371.9,39,17,22
2020.03.23 05:20,18202.9,0,0,0
2020.03.23 05:40,18260.9,8,3,5
2020.03.23 06:05,18547.9,48,24,24
2020.03.23 06:25,18560.9,46,23,23
2020.03.23 06:45,18342.9,28,16,12
2020.03.23 06:50,18428.9,38,22,16
2020.03.23 09:20,18551.9,47,25,22
2020.03.23 09:30,18421.9,31,16,15
2020.03.23 09:35,18484.9,37,18,19
2020.03.23 10:00,18593.6,49,21,28
2020.03.23 10:05,18472.6,37,18,19
2020.03.23 10:35,18327.6,14,10,4
2020.03.23 10:40,18449.6,28,11,17
2020.03.23 10:45,18290.6,6,4,2
2020.03.23 11:00,18515.6,37,23,14
2020.03.23 11:20,18314.1,9,6,3
2020.03.23 11:45,18499.6,31,17,14
2020.03.23 11:55,18388.6,14,7,7
2020.03.23 12:05,18569.1,41,23,18
2020.03.23 12:15,18422.6,13,7,6
2020.03.23 12:20,18572.6,41,24,17
2020.03.23 12:25,18416.6,11,5,6
2020.03.23 13:00,18539.6,34,18,16
2020.03.23 15:20,19918.6,7,5,2
2020.03.23 15:35,19268.1,17,8,9
2020.03.23 17:10,19092.7,19,9,10
2020.03.23 17:30,18983.2,17,6,11
2020.03.23 17:35,18775.7,16,8,8
2020.03.23 17:40,19017.7,12,7,5
2020.03.23 18:45,18213.3,0,0,0
2020.03.23 19:00,18532.8,28,17,11
2020.03.23 19:10,18306.8,4,4,0
2020.03.23 19:20,18720.3,11,6,5
2020.03.23 19:30,18471.8,13,8,5
2020.03.23 19:55,19049.8,16,11,5
2020.03.23 20:05,18793.8,12,7,5
2020.03.23 20:40,18625.3,15,6,9
2020.03.23 21:00,18443.5,6,3,3
2020.03.23 21:05,18669.5,9,5,4
2020.03.23 21:10,18470.0,11,6,5
2020.03.23 21:15,18637.5,11,5,6
2020.03.23 21:20,18405.5,5,3,2
2020.03.23 21:35,18478.5,7,4,3
2020.03.23 22:55,18806.0,5,4,1
2020.03.23 23:05,18451.4,0,0,0
2020.03.23 23:20,18520.5,1,1,0
2020.03.23 23:40,18701.9,2,1,1
2020.03.24 00:55,18671.5,0,0,0
2020.03.24 01:15,18993.9,10,3,7
2020.03.24 01:20,18769.4,1,1,0
2020.03.24 01:45,18948.4,10,7,3
2020.03.24 02:30,18923.9,7,3,4
2020.03.24 02:35,19028.9,6,5,1
2020.03.24 03:10,18761.9,0,0,0
2020.03.24 03:25,18994.4,3,1,2
2020.03.24 03:40,18819.9,0,0,0
2020.03.24 04:05,19124.4,15,6,9
2020.03.24 04:10,19031.9,5,4,1
2020.03.24 04:15,19167.9,13,8,5
2020.03.24 04:25,19010.4,2,2,0
2020.03.24 04:35,19195.9,16,9,7
2020.03.24 05:15,19284.9,14,8,6
2020.03.24 05:20,19185.4,11,6,5
2020.03.24 05:35,19382.4,33,19,14
2020.03.24 05:40,19268.4,10,5,5
2020.03.24 06:20,19171.4,9,5,4
2020.03.24 06:30,19300.4,9,7,2
2020.03.24 06:45,18999.4,0,0,0
2020.03.24 07:00,19038.9,0,0,0
2020.03.24 07:05,19137.4,7,4,3
2020.03.24 07:10,19042.9,0,0,0
2020.03.24 07:25,19207.9,8,4,4
2020.03.24 07:35,19105.4,2,1,1
2020.03.24 07:40,19210.4,6,4,2
2020.03.24 07:45,19133.4,4,1,3
2020.03.24 09:30,19482.9,16,9,7
2020.03.24 09:40,19336.9,10,7,3
2020.03.24 09:45,19420.4,23,10,13
2020.03.24 09:50,19326.9,6,4,2
2020.03.24 09:55,19429.4,19,8,11
2020.03.24 10:00,19355.1,16,9,7
2020.03.24 10:05,19438.1,17,10,7
2020.03.24 10:15,19293.1,3,3,0
2020.03.24 10:30,19432.1,17,9,8
2020.03.24 11:30,19284.6,1,1,0
2020.03.24 14:20,19379.6,8,4,4
2020.03.24 14:40,19381.6,8,4,4
2020.03.24 14:50,19529.6,5,4,1
2020.03.24 15:15,19279.6,0,0,0
2020.03.24 15:25,19450.6,1,1,0
2020.03.24 15:30,19333.6,1,1,0
2020.03.24 15:35,19423.6,1,1,0
2020.03.24 15:40,19326.6,0,0,0
2020.03.24 15:55,19539.8,0,0,0
2020.03.24 16:35,19974.5,16,9,7
2020.03.24 16:50,19899.2,5,3,2
2020.03.24 17:00,19724.2,0,0,0
2020.03.24 17:25,20108.7,15,12,3
2020.03.24 18:05,19839.7,0,0,0
2020.03.24 18:25,20066.0,10,7,3
2020.03.24 18:30,19980.5,4,1,3
2020.03.24 18:50,20057.0,8,4,4
2020.03.24 19:10,20160.5,11,6,5
2020.03.24 20:20,20042.0,7,5,2
2020.03.24 20:35,20273.0,1,1,0
2020.03.24 21:10,19874.9,0,0,0
2020.03.24 22:40,20534.9,25,13,12
2020.03.24 22:45,20336.9,0,0,0
2020.03.24 22:55,20714.9,57,30,27
2020.03.24 23:00,20561.3,33,17,16
2020.03.24 23:55,20833.3,59,28,31
2020.03.25 01:30,21063.8,131,65,66
2020.03.25 01:40,20900.3,77,42,35
2020.03.25 01:50,21022.3,134,62,72
2020.03.25 02:55,20560.8,31,15,16
2020.03.25 03:00,20658.8,41,24,17
2020.03.25 03:05,20556.3,29,15,14
2020.03.25 03:20,20770.3,48,22,26
2020.03.25 03:40,20477.8,6,2,4
2020.03.25 04:15,20581.3,26,12,14
2020.03.25 04:30,20786.8,44,18,26
2020.03.25 04:35,20669.8,31,17,14
2020.03.25 04:40,20777.8,46,20,26
2020.03.25 05:10,20563.3,27,15,12
2020.03.25 05:15,20621.8,22,12,10
2020.03.25 05:35,20486.3,5,2,3
2020.03.25 06:05,20666.9,29,18,11
2020.03.25 06:25,20493.3,7,4,3
2020.03.25 06:50,20589.3,19,12,7
2020.03.25 06:55,20540.3,11,8,3
2020.03.25 07:10,20605.3,17,10,7
2020.03.25 07:30,20409.3,1,1,0
2020.03.25 07:45,20409.3,0,0,0
2020.03.25 08:05,20883.3,65,36,29
2020.03.25 08:20,20438.3,0,0,0
2020.03.25 09:00,20963.3,98,52,46
2020.03.25 09:30,20896.8,71,40,31
2020.03.25 09:35,20801.8,42,24,18
2020.03.25 09:55,20891.3,68,41,27
2020.03.25 10:05,21022.5,133,62,71
2020.03.25 10:50,21285.0,152,72,80
2020.03.25 11:05,21050.5,131,63,68
2020.03.25 11:30,21309.5,152,68,84
2020.03.25 11:40,21199.0,165,92,73
2020.03.25 11:55,21414.5,71,37,34
2020.03.25 12:00,21342.0,111,46,65
2020.03.25 12:10,21488.0,40,23,17
2020.03.25 12:20,21413.5,69,37,32
2020.03.25 12:25,21560.5,53,32,21
2020.03.25 13:55,20540.0,5,4,1
2020.03.25 14:05,20869.5,49,24,25
2020.03.25 14:10,20587.5,7,4,3
2020.03.25 14:25,20853.5,42,20,22
2020.03.25 14:35,20486.5,0,0,0
2020.03.25 15:05,20823.5,41,22,19
2020.03.25 15:25,20655.0,8,7,1
2020.03.25 15:45,20720.5,13,6,7
2020.03.25 17:20,20780.9,18,11,7
2020.03.25 17:25,20631.9,1,1,0
2020.03.25 17:40,21050.4,124,60,64
2020.03.25 17:45,20856.9,38,18,20
2020.03.25 18:25,21312.9,137,58,79
2020.03.25 18:30,21143.9,142,72,70
2020.03.25 18:35,21307.4,141,67,74
2020.03.25 18:45,21141.9,142,74,68
2020.03.25 18:50,21294.4,137,70,67
2020.03.25 18:55,21167.9,150,73,77
2020.03.25 19:45,21773.4,74,38,36
2020.03.25 19:55,21547.9,44,28,16
2020.03.25 20:20,21848.9,96,52,44
2020.03.25 20:25,21723.9,68,35,33
2020.03.25 20:45,22011.9,64,37,27
2020.03.25 21:05,21585.8,62,31,31
2020.03.25 21:20,21953.8,65,28,37
2020.03.25 21:35,21643.8,71,32,39
2020.03.25 22:05,21988.8,59,31,28
2020.03.25 22:10,21795.8,73,36,37
2020.03.25 22:35,21935.8,65,27,38
2020.03.25 23:30,21193.7,139,74,65
2020.03.25 23:40,21084.7,118,58,60
2020.03.26 00:25,21123.9,126,67,59
2020.03.26 01:05,21397.2,61,29,32
2020.03.26 01:25,21211.2,153,88,65
2020.03.26 02:25,21198.7,142,81,61
2020.03.26 02:30,21141.7,126,64,62
2020.03.26 02:35,21226.2,163,82,81
2020.03.26 02:40,21128.2,130,70,60
2020.03.26 02:55,21232.7,148,68,80
2020.03.26 03:05,21155.2,134,73,61
2020.03.26 03:25,21484.2,35,20,15
2020.03.26 03:35,21358.2,83,32,51
2020.03.26 03:40,21456.7,41,17,24
2020.03.26 04:25,20962.2,76,40,36
2020.03.26 05:10,20906.2,61,32,29
2020.03.26 06:25,21262.7,141,74,67
2020.03.26 06:55,21221.2,149,82,67
2020.03.26 07:05,21043.7,98,52,46
2020.03.26 07:10,21155.7,125,73,52
2020.03.26 07:20,21009.7,89,48,41
2020.03.26 08:05,21008.2,89,47,42
2020.03.26 08:25,21054.2,98,46,52
2020.03.26 08:30,21143.7,105,56,49
2020.03.26 09:00,21068.2,89,42,47
2020.03.26 09:35,21056.2,94,43,51
2020.03.26 10:00,20837.9,31,15,16
2020.03.26 10:20,20843.4,31,14,17
2020.03.26 10:25,20935.9,52,24,28
2020.03.26 10:45,20886.9,45,29,16
2020.03.26 10:55,20749.4,10,5,5
2020.03.26 11:05,20975.9,56,25,31
2020.03.26 11:40,20766.4,11,7,4
2020.03.26 12:05,20975.9,55,25,30
2020.03.26 12:25,20913.4,49,29,20
2020.03.26 12:35,20812.4,13,7,6
2020.03.26 12:50,20968.9,56,29,27
2020.03.26 12:55,20885.4,31,21,10
2020.03.26 13:10,20985.4,71,36,35
2020.03.26 13:15,20889.9,35,24,11
2020.03.26 13:55,20992.4,71,33,38
2020.03.26 14:00,21073.9,83,39,44
2020.03.26 14:05,20998.9,73,34,39
2020.03.26 14:10,21053.4,90,43,47
2020.03.26 14:15,20984.9,68,34,34
2020.03.26 14:20,21056.9,88,41,47
2020.03.26 14:30,20983.4,64,32,32
2020.03.26 14:35,21032.9,86,44,42
2020.03.26 14:50,20790.4,13,7,6
2020.03.26 14:55,20872.9,19,12,7
2020.03.26 15:10,20680.4,3,2,1
2020.03.26 15:40,21076.9,83,40,43
2020.03.26 15:45,20883.9,27,19,8
2020.03.26 17:20,22092.8,90,47,43
2020.03.26 17:25,21974.3,52,23,29
2020.03.26 18:40,22396.3,72,33,39
2020.03.26 18:45,22282.8,61,26,35
2020.03.26 18:50,22397.3,67,33,34
2020.03.26 18:55,22280.8,63,28,35
2020.03.26 19:20,22140.3,110,55,55
2020.03.26 19:45,22207.3,95,45,50
2020.03.26 20:50,22189.8,94,45,49
2020.03.26 21:15,21970.1,48,21,27
2020.03.26 21:35,22283.6,49,21,28
2020.03.26 21:45,22138.1,99,53,46
2020.03.26 21:50,22270.1,62,25,37
2020.03.26 22:30,22244.1,86,30,56
2020.03.26 22:45,21995.1,44,23,21
2020.03.26 23:20,22485.4,45,23,22
2020.03.26 23:25,22461.1,47,19,28
2020.03.27 00:20,22548.9,79,42,37
2020.03.27 01:15,22549.5,77,41,36
2020.03.27 01:25,22462.5,45,19,26
2020.03.27 01:30,22555.0,73,38,35
2020.03.27 02:05,22368.0,69,34,35
2020.03.27 02:30,22448.0,46,22,24
2020.03.27 02:45,22577.0,82,47,35
2020.03.27 02:50,22525.5,59,37,22
2020.03.27 03:20,22478.0,37,21,16
2020.03.27 04:20,22144.5,96,46,50
2020.03.27 04:50,22147.5,95,46,49
2020.03.27 05:15,22103.5,75,41,34
2020.03.27 07:20,22154.5,80,37,43
2020.03.27 07:25,22193.0,67,31,36
2020.03.27 07:40,22178.0,68,36,32
2020.03.27 08:00,22149.0,73,37,36
2020.03.27 08:15,22015.0,49,25,24
2020.03.27 08:40,22179.0,69,35,34
2020.03.27 09:05,22417.0,65,35,30
2020.03.27 09:30,22433.0,54,23,31
2020.03.27 09:45,22252.1,63,21,42
2020.03.27 10:10,22098.2,65,33,32
2020.03.27 10:25,22287.2,41,19,22
2020.03.27 10:45,22269.2,44,18,26
2020.03.27 10:55,22092.7,59,30,29
2020.03.27 11:20,22107.7,67,35,32
2020.03.27 11:30,22223.2,50,30,20
2020.03.27 11:35,22122.2,65,30,35
2020.03.27 11:40,22212.2,48,26,22
2020.03.27 12:05,22042.2,44,22,22
2020.03.27 12:35,21994.7,43,22,21
2020.03.27 13:00,21916.2,67,31,36
2020.03.27 13:05,22031.7,39,19,20
2020.03.27 13:15,21905.2,67,34,33
2020.03.27 13:35,22142.2,60,28,32
2020.03.27 13:40,21989.7,43,21,22
2020.03.27 13:45,22084.2,53,29,24
2020.03.27 13:55,21874.7,74,36,38
2020.03.27 14:10,22050.7,32,19,13
2020.03.27 14:35,21848.7,77,40,37
2020.03.27 15:00,21739.2,52,30,22
2020.03.27 15:05,21827.2,60,28,32
2020.03.27 15:30,22006.2,33,19,14
2020.03.27 16:10,21669.2,79,39,40
2020.03.27 16:30,21646.6,68,35,33
2020.03.27 16:35,21883.6,61,30,31
2020.03.27 16:45,21454.1,40,13,27
2020.03.27 17:10,21798.1,58,30,28
2020.03.27 17:20,21592.6,56,28,28
2020.03.27 17:25,21711.1,57,27,30
2020.03.27 17:35,21567.6,44,28,16
2020.03.27 17:40,21685.6,70,37,33
2020.03.27 17:45,21584.1,48,24,24
2020.03.27 18:30,21727.6,46,22,24
2020.03.27 18:35,21849.2,66,38,28
2020.03.27 18:45,21670.2,67,36,31
2020.03.27 19:50,21801.2,48,24,24
2020.03.27 20:00,21918.7,51,24,27
2020.03.27 20:15,21754.7,34,13,21
2020.03.27 20:40,22083.7,52,28,24
2020.03.27 21:05,21856.2,64,29,35
2020.03.27 22:25,22323.2,48,28,20
2020.03.27 23:20,21542.0,30,18,12
2020.03.27 23:50,21603.0,57,25,32
2020.03.30 01:00,20979.7,53,28,25
2020.03.30 01:05,21364.7,78,31,47
2020.03.30 01:10,21173.7,112,51,61
2020.03.30 01:15,21383.7,65,26,39
2020.03.30 01:40,21108.2,82,42,40
2020.03.30 02:25,21223.7,140,71,69
2020.03.30 02:45,21365.2,74,32,42
2020.03.30 03:10,21422.7,48,23,25
2020.03.30 03:50,21246.2,118,59,59
2020.03.30 03:55,21338.2,83,34,49
2020.03.30 04:35,21297.2,90,45,45
2020.03.30 05:10,21361.2,67,29,38
2020.03.30 05:15,21325.2,81,33,48
2020.03.30 05:35,21386.2,62,27,35
2020.03.30 05:40,21449.7,39,14,25
2020.03.30 05:45,21338.7,73,31,42
2020.03.30 06:20,21437.7,44,22,22
2020.03.30 06:35,21464.7,29,15,14
2020.03.30 07:20,21694.7,54,29,25
2020.03.30 07:35,21553.7,26,16,10
2020.03.30 08:45,21968.2,22,11,11
2020.03.30 08:50,21838.7,52,34,18
2020.03.30 09:50,21773.9,27,12,15
2020.03.30 09:55,21655.4,46,25,21
2020.03.30 10:00,21812.9,34,13,21
2020.03.30 10:40,21338.9,69,28,41
2020.03.30 10:55,21301.4,90,40,50
2020.03.30 11:20,21321.9,78,30,48
2020.03.30 11:45,21612.9,45,21,24
2020.03.30 12:15,21433.4,25,12,13
2020.03.30 12:25,21641.9,42,21,21
2020.03.30 12:30,21580.4,28,20,8
2020.03.30 12:35,21656.4,44,24,20
2020.03.30 12:55,21455.9,19,5,14
2020.03.30 13:10,21608.4,42,22,20
2020.03.30 13:50,21539.9,13,8,5
2020.03.30 13:55,21608.9,39,22,17
2020.03.30 14:00,21531.9,11,4,7
2020.03.30 14:20,21657.4,43,25,18
2020.03.30 14:40,21508.4,11,5,6
2020.03.30 14:50,21643.4,37,19,18
2020.03.30 16:40,21519.1,10,6,4
2020.03.30 16:50,21747.6,14,7,7
2020.03.30 17:20,21899.1,38,20,18
2020.03.30 17:25,21819.1,25,11,14
2020.03.30 17:55,21812.5,25,10,15
2020.03.30 18:30,22161.5,51,30,21
2020.03.30 18:55,22110.0,50,28,22
2020.03.30 19:05,21978.5,15,7,8
2020.03.30 19:25,22146.5,54,27,27
2020.03.30 19:35,22062.5,27,18,9
2020.03.30 19:40,22148.5,51,26,25
2020.03.30 19:45,22082.0,34,18,16
2020.03.30 20:15,22140.5,46,23,23
2020.03.30 20:50,22086.0,28,15,13
2020.03.30 21:00,21989.5,16,9,7
2020.03.30 21:05,22029.0,18,11,7
2020.03.30 21:50,22214.5,42,25,17
2020.03.30 21:55,22135.5,44,23,21
2020.03.30 22:10,22304.5,40,21,19
2020.03.30 23:05,22253.4,43,17,26
2020.03.30 23:20,22329.2,47,28,19
2020.03.30 23:35,22350.4,43,21,22
2020.03.30 23:40,22310.4,32,16,16
2020.03.30 23:45,22388.4,55,26,29
2020.03.31 00:25,22346.7,39,21,18
2020.03.31 01:30,22397.9,53,26,27
2020.03.31 01:35,22355.4,45,26,19
2020.03.31 03:05,22422.4,58,27,31
2020.03.31 03:15,22336.4,25,16,9
2020.03.31 03:30,22420.4,58,31,27
2020.03.31 03:40,22365.9,45,25,20
2020.03.31 03:50,22410.9,54,32,22
2020.03.31 03:55,22351.9,33,20,13
2020.03.31 04:05,22490.9,39,20,19
2020.03.31 04:20,22402.4,49,25,24
2020.03.31 04:25,22442.9,41,19,22
2020.03.31 04:40,22371.9,40,21,19
2020.03.31 05:30,22471.4,35,20,15
2020.03.31 05:50,22451.4,35,19,16
2020.03.31 06:15,22335.9,23,14,9
2020.03.31 06:30,22396.9,41,22,19
2020.03.31 06:50,22351.4,29,17,12
2020.03.31 06:55,22383.9,37,21,16
2020.03.31 07:05,22312.4,24,10,14
2020.03.31 07:10,22351.4,27,17,10
2020.03.31 07:40,22144.9,42,18,24
2020.03.31 07:45,22246.9,47,20,27
2020.03.31 08:35,22219.9,32,18,14
2020.03.31 08:45,22332.4,23,14,9
2020.03.31 09:05,22170.6,30,16,14
2020.03.31 10:05,22369.6,30,15,15
2020.03.31 10:40,22338.6,18,12,6
2020.03.31 10:50,22477.6,30,18,12
2020.03.31 11:00,22395.1,30,17,13
2020.03.31 11:10,22485.1,30,17,13
2020.03.31 11:40,22535.1,58,30,28
2020.03.31 11:45,22449.1,24,10,14
2020.03.31 11:50,22508.1,39,25,14
2020.03.31 12:05,22453.6,23,10,13
2020.03.31 12:20,22524.1,51,36,15
2020.03.31 12:50,22394.1,29,16,13
2020.03.31 12:55,22476.6,16,9,7
2020.03.31 13:35,22286.1,21,9,12
2020.03.31 13:45,22396.1,27,16,11
2020.03.31 14:10,22245.6,37,13,24
2020.03.31 14:45,22212.1,27,15,12
2020.03.31 15:20,22016.1,15,8,7
2020.03.31 15:30,22193.1,27,10,17
2020.03.31 15:45,22076.6,21,12,9
2020.03.31 16:10,22284.1,13,7,6
2020.03.31 16:15,22191.6,24,8,16
2020.03.31 16:20,22291.1,10,6,4
2020.03.31 16:50,22028.5,14,8,6
2020.03.31 17:20,22456.9,21,8,13
2020.03.31 17:25,22322.9,13,6,7
2020.03.31 17:40,22484.4,17,11,6
2020.03.31 18:00,22294.4,10,5,5
2020.03.31 18:20,22316.9,9,4,5
2020.03.31 18:40,22473.4,13,8,5
2020.03.31 19:05,22355.4,6,4,2
2020.03.31 19:10,22419.4,8,6,2
2020.03.31 19:50,22212.6,15,10,5
2020.03.31 19:55,22124.1,18,10,8
2020.03.31 20:00,22202.6,13,5,8
2020.03.31 20:05,22084.6,16,7,9
2020.03.31 20:10,22173.6,13,8,5
2020.03.31 20:45,22166.6,13,8,5
2020.03.31 20:50,22102.1,9,5,4
2020.03.31 21:45,22129.1,11,8,3
2020.03.31 22:45,21877.6,35,18,17
2020.03.31 22:50,22023.6,8,6,2
2020.03.31 23:15,21822.2,22,9,13
2020.03.31 23:25,21876.3,32,15,17
2020.03.31 23:40,21881.0,36,20,16
2020.03.31 23:50,21838.0,35,24,11
2020.03.31 23:55,21862.0,32,15,17
2020.04.01 00:05,21831.2,22,14,8
2020.04.01 01:25,21719.0,18,7,11
2020.04.01 01:55,21669.5,37,19,18
2020.04.01 02:00,21724.5,15,5,10
2020.04.01 02:20,21618.5,19,9,10
2020.04.01 02:45,21698.0,22,9,13
2020.04.01 03:10,21561.0,5,3,2
2020.04.01 04:25,21682.0,18,9,9
2020.04.01 06:30,21617.5,7,3,4
2020.04.01 07:25,21456.0,19,5,14
2020.04.01 09:35,21276.2,106,54,52
2020.04.01 09:40,21155.2,102,56,46
2020.04.01 09:45,21278.2,101,55,46
2020.04.01 10:15,21404.7,27,12,15
2020.04.01 10:45,21143.2,97,50,47
2020.04.01 11:00,21157.7,105,61,44
2020.04.01 11:10,21293.7,91,45,46
2020.04.01 11:40,21143.7,95,48,47
2020.04.01 12:10,21332.2,63,24,39
2020.04.01 12:20,21201.7,89,49,40
2020.04.01 13:05,21364.7,48,18,30
2020.04.01 13:10,21267.2,92,47,45
2020.04.01 13:15,21322.7,65,27,38
2020.04.01 13:35,21294.2,78,37,41
2020.04.01 14:10,21109.7,82,44,38
2020.04.01 15:10,20999.7,63,28,35
2020.04.01 15:20,21187.7,89,44,45
2020.04.01 15:25,21069.2,77,37,40
2020.04.01 16:00,21104.2,76,37,39
2020.04.01 16:05,21201.7,79,45,34
2020.04.01 16:40,21294.1,79,38,41
2020.04.01 16:45,21169.1,84,42,42
2020.04.01 16:50,21297.1,70,35,35
2020.04.01 17:00,21145.1,76,39,37
2020.04.01 17:15,21370.6,48,17,31
2020.04.01 17:40,21292.6,69,33,36
2020.04.01 17:50,21407.1,25,12,13
2020.04.01 17:55,21305.6,68,33,35
2020.04.01 18:10,21487.6,3,1,2
2020.04.01 18:30,21273.6,76,39,37
2020.04.01 18:35,21354.1,40,15,25
2020.04.01 18:55,21269.1,78,40,38
2020.04.01 19:05,21136.6,80,38,42
2020.04.01 20:05,21081.2,72,29,43
2020.04.01 20:15,21005.2,55,27,28
2020.04.01 20:25,21115.2,74,40,34
2020.04.01 21:05,21206.2,76,48,28
2020.04.01 21:20,21075.2,61,27,34
2020.04.01 21:25,21136.7,72,35,37
2020.04.01 21:55,20961.7,42,24,18
2020.04.01 22:00,21029.7,64,30,34
2020.04.01 22:10,20938.7,38,18,20
2020.04.01 22:15,20999.7,54,25,29
2020.04.01 22:25,20892.6,33,23,10
2020.04.01 22:30,20942.1,35,18,17
2020.04.01 22:40,20784.6,7,3,4
2020.04.01 22:55,21021.6,59,28,31
2020.04.01 23:45,20948.1,31,17,14
2020.04.02 00:20,20920.3,25,15,10
2020.04.02 00:40,20889.6,23,17,6
2020.04.02 01:20,21087.6,53,25,28
2020.04.02 01:30,21006.6,50,25,25
2020.04.02 01:50,21066.1,61,30,31
2020.04.02 02:45,21084.6,56,24,32
2020.04.02 03:00,21117.1,72,38,34
2020.04.02 03:30,21045.1,48,25,23
2020.04.02 03:35,21082.6,49,21,28
2020.04.02 03:45,21029.1,51,24,27
2020.04.02 03:55,21084.1,49,21,28
2020.04.02 04:20,21031.6,48,25,23
2020.04.02 04:25,20983.6,38,20,18
2020.04.02 04:35,21063.1,46,24,22
2020.04.02 04:40,20994.1,41,21,20
2020.04.02 04:50,21068.6,46,25,21
2020.04.02 04:55,21011.6,39,19,20
2020.04.02 05:15,21136.1,72,35,37
2020.04.02 06:00,21185.6,76,39,37
2020.04.02 06:10,21146.6,64,34,30
2020.04.02 06:20,21199.1,77,42,35
2020.04.02 06:25,21165.1,71,38,33
2020.04.02 06:40,21183.6,68,32,36
2020.04.02 06:45,21228.1,96,40,56
2020.04.02 06:55,21151.1,59,33,26
2020.04.02 07:00,21186.6,67,34,33
2020.04.02 07:10,21117.6,65,34,31
2020.04.02 07:15,21161.1,68,36,32
2020.04.02 07:30,21098.1,50,26,24
2020.04.02 08:35,21164.1,65,36,29
2020.04.02 09:05,21222.8,90,45,45
2020.04.02 09:15,21161.8,62,32,30
2020.04.02 09:55,21242.8,75,39,36
2020.04.02 10:20,21287.8,65,31,34
2020.04.02 10:35,21211.3,78,45,33
2020.04.02 10:50,21206.3,66,40,26
2020.04.02 11:05,21317.3,57,25,32
2020.04.02 11:10,21282.8,65,33,32
2020.04.02 11:20,21336.8,47,18,29
2020.04.02 11:35,21327.3,50,21,29
2020.04.02 12:20,21292.3,57,27,30
2020.04.02 12:25,21244.3,65,33,32
2020.04.02 12:30,21290.8,56,27,29
2020.04.02 12:55,21254.3,60,31,29
2020.04.02 13:35,21241.8,57,28,29
2020.04.02 14:10,21187.3,56,26,30
2020.04.02 14:25,21235.8,54,21,33
2020.04.02 15:00,21305.8,59,29,30
2020.04.02 15:40,20852.3,4,2,2
2020.04.02 15:45,21019.3,36,15,21
2020.04.02 16:35,21041.2,35,22,13
2020.04.02 16:45,20720.7,0,0,0
2020.04.02 17:50,21205.2,53,33,20
2020.04.02 18:00,21374.2,36,12,24
2020.04.02 18:10,21194.2,54,30,24
2020.04.02 18:15,21314.7,52,24,28
2020.04.02 18:25,21112.7,44,24,20
2020.04.02 19:15,21397.2,25,11,14
2020.04.02 19:40,21242.7,39,19,20
2020.04.02 19:50,21354.2,30,13,17
2020.04.02 20:30,20996.3,29,14,15
2020.04.02 20:50,21146.8,44,26,18
2020.04.02 21:20,20853.8,0,0,0
2020.04.02 21:35,21066.3,32,16,16
2020.04.02 21:45,20945.8,16,9,7
2020.04.02 22:00,21237.8,38,14,24
2020.04.02 22:05,21107.3,32,18,14
2020.04.02 22:20,21274.3,36,21,15
2020.04.02 22:35,21123.8,40,23,17
2020.04.02 23:35,21464.1,3,1,2
2020.04.03 00:30,21362.7,30,13,17
2020.04.03 00:50,21394.8,18,6,12
2020.04.03 01:20,21478.1,1,1,0
2020.04.03 02:00,21444.1,4,1,3
2020.04.03 02:55,21263.1,30,18,12
2020.04.03 03:25,21277.1,25,16,9
2020.04.03 03:30,21239.6,26,11,15
2020.04.03 03:35,21282.6,24,14,10
2020.04.03 03:45,21189.1,39,19,20
2020.04.03 03:55,21236.6,28,10,18
2020.04.03 04:10,21251.6,20,12,8
2020.04.03 04:35,21296.1,27,17,10
2020.04.03 04:50,21288.6,22,14,8
2020.04.03 05:25,21232.6,27,7,20
2020.04.03 05:45,21250.1,14,8,6
2020.04.03 05:50,21205.1,27,17,10
2020.04.03 05:55,21243.6,16,9,7
2020.04.03 06:20,21184.6,34,14,20
2020.04.03 06:25,21218.6,24,10,14
2020.04.03 06:45,21154.1,39,22,17
2020.04.03 07:20,21110.1,33,19,14
2020.04.03 07:25,21141.1,40,20,20
2020.04.03 07:35,21087.1,30,13,17
2020.04.03 07:45,21143.1,39,21,18
2020.04.03 07:55,21084.6,28,9,19
2020.04.03 08:00,21133.6,37,18,19
2020.04.03 08:30,21035.6,26,11,15
2020.04.03 09:25,21111.3,24,15,9
2020.04.03 09:50,21245.3,15,10,5
2020.04.03 10:05,21252.8,14,9,5
2020.04.03 10:20,21092.8,25,12,13
2020.04.03 11:10,21244.3,12,9,3
2020.04.03 11:40,21085.3,23,8,15
2020.04.03 12:00,21180.8,22,11,11
2020.04.03 12:20,21062.3,24,11,13
2020.04.03 12:35,21053.3,24,11,13
2020.04.03 13:05,21188.3,21,8,13
2020.04.03 13:35,21209.3,11,8,3
2020.04.03 13:40,21141.8,13,7,6
2020.04.03 14:35,21233.3,9,4,5
2020.04.03 14:40,21203.8,7,4,3
2020.04.03 15:55,21248.3,6,3,3
2020.04.03 17:40,21089.8,17,5,12
2020.04.03 18:00,21242.3,1,1,0
2020.04.03 18:35,21166.8,0,0,0
2020.04.03 19:00,21104.8,4,1,3
2020.04.03 19:25,20933.8,13,6,7
2020.04.03 19:40,21073.8,10,2,8
2020.04.03 20:05,21059.4,13,6,7
2020.04.03 20:15,20977.9,7,4,3
2020.04.03 20:20,21036.4,15,6,9
2020.04.03 20:40,20874.4,3,3,0
2020.04.03 20:45,20956.9,9,4,5
2020.04.03 20:55,20888.4,8,6,2
2020.04.03 21:00,20971.9,6,3,3
2020.04.03 21:10,20864.4,0,0,0
2020.04.03 22:10,20979.4,3,2,1
2020.04.03 22:15,21102.4,4,1,3
2020.04.03 22:40,20882.9,0,0,0
2020.04.03 22:50,21161.9,0,0,0
2020.04.03 23:25,21030.5,0,0,0
2020.04.03 23:30,21092.8,0,0,0
2020.04.06 01:15,21259.8,0,0,0
2020.04.06 01:25,21371.3,6,2,4
2020.04.06 01:35,21308.3,8,5,3
2020.04.06 01:50,21287.8,0,0,0
2020.04.06 02:40,21292.8,0,0,0
2020.04.06 04:10,21646.3,6,3,3
2020.04.06 04:15,21712.3,13,6,7
2020.04.06 05:15,21759.3,13,9,4
2020.04.06 05:30,21644.3,0,0,0
2020.04.06 06:50,21724.3,0,0,0
2020.04.06 07:00,21785.8,18,10,8
2020.04.06 07:05,21748.3,2,2,0
2020.04.06 07:30,21774.3,8,5,3
2020.04.06 08:00,21828.3,16,11,5
2020.04.06 08:55,21889.8,27,14,13
2020.04.06 09:05,21961.5,3,2,1
2020.04.06 09:15,21875.5,29,13,16
2020.04.06 09:20,21937.0,10,2,8
2020.04.06 09:25,21873.0,26,14,12
2020.04.06 09:40,21870.0,28,12,16
2020.04.06 09:45,21922.0,16,10,6
2020.04.06 10:20,21954.8,3,1,2
2020.04.06 10:25,21905.8,13,7,6
2020.04.06 10:30,21958.8,3,2,1
2020.04.06 10:55,21954.3,2,1,1
2020.04.06 11:30,21857.3,24,10,14
2020.04.06 12:00,21884.3,18,7,11
2020.04.06 12:50,21943.8,2,1,1
2020.04.06 13:10,21837.3,15,11,4
2020.04.06 13:15,21885.3,12,3,9
2020.04.06 13:45,21894.8,6,3,3
2020.04.06 13:50,21866.3,18,6,12
2020.04.06 13:55,21898.8,5,2,3
2020.04.06 14:05,21825.8,6,4,2
2020.04.06 14:10,21856.8,14,6,8
2020.04.06 14:35,21834.8,5,4,1
2020.04.06 14:45,21879.3,9,4,5
2020.04.06 15:25,21820.8,2,2,0
2020.04.06 15:30,21781.8,0,0,0
2020.04.06 16:20,21913.3,2,1,1
2020.04.06 16:35,21808.2,0,0,0
2020.04.06 17:20,22175.2,1,1,0
2020.04.06 17:30,22012.2,5,2,3
2020.04.06 18:15,22068.5,2,2,0
2020.04.06 18:20,22018.5,0,0,0
2020.04.06 18:30,22101.5,2,2,0
2020.04.06 18:35,22053.0,0,0,0
2020.04.06 19:00,22115.0,0,0,0
2020.04.06 19:30,22207.0,5,5,0
2020.04.06 19:35,22268.5,11,6,5
2020.04.06 19:50,22193.9,0,0,0
2020.04.06 20:00,22270.4,9,6,3
2020.04.06 20:05,22220.9,7,6,1
2020.04.06 20:10,22269.9,9,6,3
2020.04.06 20:15,22214.9,3,2,1
2020.04.06 20:25,22263.4,11,6,5
2020.04.06 20:30,22216.9,4,3,1
2020.04.06 20:50,22332.4,6,3,3
2020.04.06 22:00,22256.9,2,1,1
2020.04.06 22:10,22371.9,5,4,1
2020.04.06 22:20,22246.7,0,0,0
2020.04.06 22:55,22781.2,30,14,16
2020.04.06 23:00,22543.6,62,34,28
2020.04.06 23:05,22647.1,32,17,15
2020.04.06 23:35,22648.6,33,19,14
2020.04.07 00:40,22625.6,35,18,17
2020.04.07 01:15,22615.1,52,20,32
2020.04.07 01:40,22564.1,66,38,28
2020.04.07 01:55,22537.6,49,25,24
2020.04.07 02:00,22512.6,34,22,12
2020.04.07 03:15,22708.6,36,17,19
2020.04.07 03:20,22794.6,27,14,13
2020.04.07 03:40,22628.1,33,14,19
2020.04.07 03:45,22702.1,38,17,21
2020.04.07 03:50,22655.1,29,17,12
2020.04.07 04:00,22730.1,32,16,16
2020.04.07 04:10,22648.6,26,15,11
2020.04.07 04:20,22724.1,33,16,17
2020.04.07 04:40,22555.1,55,30,25
2020.04.07 05:05,22534.1,47,25,22
2020.04.07 05:10,22581.6,67,38,29
2020.04.07 05:20,22479.6,15,9,6
2020.04.07 06:50,22419.1,6,4,2
2020.04.07 07:20,22548.6,49,26,23
2020.04.07 07:25,22470.6,7,4,3
2020.04.07 07:35,22540.1,36,17,19
2020.04.07 07:40,22493.1,13,11,2
2020.04.07 08:15,22568.6,52,28,24
2020.04.07 08:20,22612.1,45,21,24
2020.04.07 08:30,22560.6,47,23,24
2020.04.07 08:50,22763.1,23,12,11
2020.04.07 09:00,22689.8,31,19,12
2020.04.07 10:30,23001.0,35,19,16
2020.04.07 10:50,23309.5,175,89,86
2020.04.07 11:00,23185.0,124,62,62
2020.04.07 11:25,23334.0,184,102,82
2020.04.07 11:40,23304.5,161,79,82
2020.04.07 11:55,23198.0,132,70,62
2020.04.07 12:25,23328.5,174,94,80
2020.04.07 12:30,23247.0,157,80,77
2020.04.07 13:20,23571.0,195,96,99
2020.04.07 13:35,23403.0,380,186,194
2020.04.07 13:55,23510.0,250,126,124
2020.04.07 14:20,23380.5,331,188,143
2020.04.07 16:40,23284.4,174,79,95
2020.04.07 16:55,23538.4,240,119,121
2020.04.07 17:25,23068.3,94,49,45
2020.04.07 17:35,23243.8,148,75,73
2020.04.07 17:50,22944.3,33,12,21
2020.04.07 18:15,23246.8,153,77,76
2020.04.07 18:40,23362.3,242,141,101
2020.04.07 19:15,23464.3,270,136,134
2020.04.07 19:25,23337.3,177,101,76
2020.04.07 19:30,23417.3,356,177,179
2020.04.07 19:35,23309.3,156,81,75
2020.04.07 19:45,23425.3,356,168,188
2020.04.07 20:20,23255.8,169,81,88
2020.04.07 20:40,23199.3,128,69,59
2020.04.07 20:45,23268.8,166,84,82
2020.04.07 21:05,23026.8,54,28,26
2020.04.07 21:10,23124.3,78,37,41
2020.04.07 21:25,23159.3,84,45,39
2020.04.07 21:55,22743.7,25,9,16
2020.04.07 22:10,23014.7,38,25,13
2020.04.07 22:30,22656.5,26,13,13
2020.04.07 23:05,22525.9,30,19,11
2020.04.07 23:45,22555.4,42,22,20
2020.04.07 23:50,22614.4,38,15,23
2020.04.08 00:10,22540.7,33,15,18
2020.04.08 00:35,22581.0,44,24,20
2020.04.08 01:20,22561.9,35,18,17
2020.04.08 01:30,22478.9,5,2,3
2020.04.08 01:45,22584.4,43,25,18
2020.04.08 03:45,22452.9,5,3,2
2020.04.08 03:50,22383.9,0,0,0
2020.04.08 04:05,22490.9,7,7,0
2020.04.08 04:25,22638.4,16,8,8
2020.04.08 05:40,22565.4,20,11,9
2020.04.08 05:45,22615.9,29,13,16
2020.04.08 06:00,22484.4,1,1,0
2020.04.08 06:10,22565.4,17,11,6
2020.04.08 06:15,22499.9,4,4,0
2020.04.08 06:25,22599.9,29,16,13
2020.04.08 06:30,22540.9,8,4,4
2020.04.08 07:05,22575.9,19,12,7
2020.04.08 08:00,22728.9,16,6,10
2020.04.08 08:15,22899.9,25,12,13
2020.04.08 08:50,22956.9,26,9,17
2020.04.08 09:25,22458.1,0,0,0
2020.04.08 10:20,22611.6,18,10,8
2020.04.08 10:25,22694.1,10,5,5
2020.04.08 10:30,22581.6,14,8,6
2020.04.08 10:40,22750.6,10,6,4
2020.04.08 10:45,22673.6,7,5,2
2020.04.08 11:35,22486.1,0,0,0
2020.04.08 12:05,22638.1,8,3,5
2020.04.08 12:15,22547.6,2,2,0
2020.04.08 12:30,22630.6,8,3,5
2020.04.08 12:35,22570.6,2,1,1
2020.04.08 12:45,22668.6,6,4,2
2020.04.08 13:05,22648.1,3,3,0
2020.04.08 13:10,22577.1,0,0,0
2020.04.08 14:20,22834.1,20,10,10
2020.04.08 14:30,22744.1,7,3,4
2020.04.08 14:35,22789.6,11,6,5
2020.04.08 14:45,22717.6,2,1,1
2020.04.08 15:15,22918.6,19,10,9
2020.04.08 15:25,22838.1,19,9,10
2020.04.08 15:30,22886.1,18,9,9
2020.04.08 15:35,22804.6,11,7,4
2020.04.08 15:45,22911.6,21,12,9
2020.04.08 15:55,22791.6,8,4,4
2020.04.08 16:35,22798.5,9,5,4
2020.04.08 16:40,22984.0,20,10,10
2020.04.08 17:05,22676.5,0,0,0
2020.04.08 17:35,22913.5,12,8,4
2020.04.08 18:00,22990.0,18,8,10
2020.04.08 18:05,22900.5,7,4,3
2020.04.08 18:45,23268.5,167,85,82
2020.04.08 19:10,23104.0,95,49,46
2020.04.08 19:20,23236.5,146,76,70
2020.04.08 19:45,23294.9,158,65,93
2020.04.08 20:05,23253.4,160,89,71
2020.04.08 20:10,23171.4,92,49,43
2020.04.08 20:55,23058.9,73,32,41
2020.04.08 21:40,23375.4,271,160,111
2020.04.08 21:45,23295.4,151,61,90
2020.04.08 22:05,23437.4,328,142,186
2020.04.08 22:30,23445.1,307,136,171
2020.04.08 22:40,23228.6,136,66,70
2020.04.08 23:20,23362.5,221,130,91
2020.04.08 23:25,23346.3,178,102,76
2020.04.08 23:50,23389.8,322,169,153
2020.04.08 23:55,23413.8,342,175,167
2020.04.09 00:00,23396.5,317,159,158
2020.04.09 00:05,23403.6,340,169,171
2020.04.09 00:15,23388.8,315,165,150
2020.04.09 01:20,23427.3,341,165,176
2020.04.09 01:30,23369.8,231,142,89
2020.04.09 01:35,23398.3,312,155,157
2020.04.09 01:50,23373.3,253,150,103
2020.04.09 01:55,23397.3,309,158,151
2020.04.09 02:00,23367.3,225,137,88
2020.04.09 02:30,23538.3,239,120,119
2020.04.09 02:40,23446.8,295,132,163
2020.04.09 02:55,23531.3,236,125,111
2020.04.09 03:05,23470.8,271,131,140
2020.04.09 03:10,23520.3,233,121,112
2020.04.09 03:40,23495.8,237,118,119
2020.04.09 03:45,23460.3,277,129,148
2020.04.09 03:50,23498.3,225,112,113
2020.04.09 04:10,23495.3,237,117,120
2020.04.09 04:20,23426.8,344,165,179
2020.04.09 04:25,23462.3,263,124,139
2020.04.09 04:55,23377.8,268,158,110
2020.04.09 05:00,23326.3,146,70,76
2020.04.09 06:05,23301.3,142,62,80
2020.04.09 06:40,23335.3,149,88,61
2020.04.09 06:55,23367.8,217,132,85
2020.04.09 07:00,23401.8,318,159,159
2020.04.09 07:15,23382.8,278,160,118
2020.04.09 08:00,23469.3,269,131,138
2020.04.09 08:05,23409.8,342,177,165
2020.04.09 08:10,23451.3,269,128,141
2020.04.09 08:20,23374.3,237,143,94
2020.04.09 08:45,23472.8,258,123,135
2020.04.09 09:40,23486.0,241,109,132
2020.04.09 09:45,23536.0,238,126,112
2020.04.09 09:50,23467.0,260,131,129
2020.04.09 10:20,23688.0,215,108,107
2020.04.09 10:35,23684.0,213,104,109
2020.04.09 10:40,23619.0,240,117,123
2020.04.09 10:50,23713.0,247,134,113
2020.04.09 11:45,23518.5,223,115,108
2020.04.09 12:00,23404.0,327,162,165
2020.04.09 12:05,23461.0,264,124,140
2020.04.09 12:20,23343.0,153,80,73
2020.04.09 12:30,23459.5,267,126,141
2020.04.09 12:35,23389.0,287,154,133
2020.04.09 12:40,23447.5,270,122,148
2020.04.09 14:10,23455.0,258,119,139
2020.04.09 14:30,23179.5,89,47,42
2020.04.09 14:35,23277.0,152,76,76
2020.04.09 14:40,23204.0,110,55,55
2020.04.09 15:15,23144.0,69,36,33
2020.04.09 15:40,23363.0,190,116,74
2020.04.09 16:20,23870.0,265,139,126
2020.04.09 16:30,23674.9,202,93,109
2020.04.09 16:50,23849.9,212,116,96
2020.04.09 16:55,23988.4,185,91,94
2020.04.09 17:20,23662.9,212,98,114
2020.04.09 17:35,23954.4,182,85,97
2020.04.09 17:50,23790.9,154,82,72
2020.04.09 17:55,23888.9,269,139,130
2020.04.09 18:05,23677.4,200,92,108
2020.04.09 18:10,23799.4,155,78,77
2020.04.09 18:15,23697.9,236,119,117
2020.04.09 18:55,23817.9,151,64,87
2020.04.09 19:05,23926.9,248,110,138
2020.04.09 19:10,23867.9,251,131,120
2020.04.09 19:20,23956.4,179,82,97
2020.04.09 19:35,23845.6,195,106,89
2020.04.09 20:30,24009.5,177,76,101
2020.04.09 20:50,23798.5,151,75,76
2020.04.09 21:20,23695.5,228,124,104
2020.04.09 21:55,23499.0,208,105,103
2020.04.09 22:20,23633.0,197,100,97
2020.04.09 22:50,23630.5,213,107,106
2020.04.09 23:20,23747.2,151,67,84
2020.04.09 23:25,23733.6,201,98,103
2020.04.13 02:10,23592.4,207,107,100
2020.04.13 02:30,23424.4,309,145,164
2020.04.13 02:40,23485.4,227,101,126
2020.04.13 03:25,23471.4,234,113,121
2020.04.13 03:30,23436.9,284,120,164
2020.04.13 03:50,23348.9,157,90,67
2020.04.13 04:05,23338.9,133,76,57
2020.04.13 04:25,23384.9,261,140,121
2020.04.13 04:55,23441.4,275,112,163
2020.04.13 05:20,23540.4,232,109,123
2020.04.13 05:35,23441.9,271,110,161
2020.04.13 05:50,23495.9,204,102,102
2020.04.13 06:10,23494.4,201,96,105
2020.04.13 07:00,23387.9,265,133,132
2020.04.13 07:10,23426.9,297,145,152
2020.04.13 07:30,23374.4,216,132,84
2020.04.13 08:05,23447.9,240,107,133
2020.04.13 08:10,23421.9,297,146,151
2020.04.13 08:15,23451.4,227,109,118
2020.04.13 08:30,23378.9,242,145,97
2020.04.13 08:45,23424.9,290,142,148
2020.04.13 08:55,23356.4,170,95,75
2020.04.13 09:10,23490.1,201,93,108
2020.04.13 09:15,23444.1,247,100,147
2020.04.13 09:20,23480.6,216,101,115
2020.04.13 09:30,23443.1,258,103,155
2020.04.13 09:40,23504.6,198,103,95
2020.04.13 10:05,23422.1,297,147,150
2020.04.13 10:20,23472.1,208,96,112
2020.04.13 10:35,23449.1,227,98,129
2020.04.13 11:00,23421.1,286,142,144
2020.04.13 11:15,23419.1,281,139,142
2020.04.13 11:30,23380.6,242,145,97
2020.04.13 11:35,23412.6,269,142,127
2020.04.13 12:15,23463.1,212,104,108
2020.04.13 12:20,23435.6,268,120,148
2020.04.13 12:25,23473.1,208,99,109
2020.04.13 13:00,23451.1,211,99,112
2020.04.13 13:10,23396.1,247,123,124
2020.04.13 13:45,23531.1,222,120,102
2020.04.13 13:55,23467.6,216,112,104
2020.04.13 14:35,23608.1,218,116,102
2020.04.13 15:20,23596.1,198,102,96
2020.04.13 15:40,23600.6,193,97,96
2020.04.13 15:50,23702.1,206,106,100
2020.04.13 15:55,23626.1,214,106,108
2020.04.13 16:20,23727.1,200,101,99
2020.04.13 17:05,23470.0,212,102,110
2020.04.13 17:25,23219.1,121,56,65
2020.04.13 17:30,23312.6,127,68,59
2020.04.13 17:40,23184.6,94,43,51
2020.04.13 17:45,23256.6,139,71,68
2020.04.13 18:25,23274.1,146,74,72
2020.04.13 18:40,23166.1,78,43,35
2020.04.13 19:15,23389.1,243,130,113
2020.04.13 19:35,23247.6,117,64,53
2020.04.13 19:45,23322.2,118,61,57
2020.04.13 20:00,23192.7,89,42,47
2020.04.13 20:15,23161.7,71,39,32
2020.04.13 20:55,23325.2,122,59,63
2020.04.13 21:00,23256.7,128,64,64
2020.04.13 21:05,23348.7,144,82,62
2020.04.13 21:25,23198.7,89,45,44
2020.04.13 21:30,23278.7,125,62,63
2020.04.13 21:40,23204.7,88,44,44
2020.04.13 21:55,23313.7,118,62,56
2020.04.13 22:20,23376.0,209,128,81
2020.04.13 22:25,23300.0,117,47,70
2020.04.13 23:40,23444.9,227,97,130
2020.04.14 00:10,23424.1,250,125,125
2020.04.14 01:15,23428.9,255,124,131
2020.04.14 01:20,23491.9,189,89,100
2020.04.14 01:25,23451.9,195,89,106
2020.04.14 01:40,23522.9,211,110,101
2020.04.14 01:45,23494.9,190,93,97
2020.04.14 01:50,23520.4,207,110,97
2020.04.14 02:20,23510.9,203,107,96
2020.04.14 02:45,23465.4,194,102,92
2020.04.14 03:10,23402.4,245,115,130
2020.04.14 03:15,23435.4,245,112,133
2020.04.14 03:45,23400.9,238,114,124
2020.04.14 05:00,23719.4,213,111,102
2020.04.14 05:20,23678.4,182,87,95
2020.04.14 05:25,23645.4,185,95,90
2020.04.14 05:35,23764.4,148,69,79
2020.04.14 05:45,23706.4,211,116,95
2020.04.14 05:55,23743.9,158,74,84
2020.04.14 06:05,23712.9,213,112,101
2020.04.14 06:15,23750.9,146,63,83
2020.04.14 06:25,23701.9,200,104,96
2020.04.14 06:30,23739.4,175,87,88
2020.04.14 06:45,23695.9,211,116,95
2020.04.14 07:00,23775.4,142,66,76
2020.04.14 07:05,23725.9,189,95,94
2020.04.14 07:20,23838.4,170,98,72
2020.04.14 07:25,23802.4,144,75,69
2020.04.14 07:45,23790.4,137,76,61
2020.04.14 07:55,23835.9,157,85,72
2020.04.14 09:00,23721.6,201,94,107
2020.04.14 09:05,23793.1,133,73,60
2020.04.14 09:25,23694.6,207,111,96
2020.04.14 09:30,23747.1,136,59,77
2020.04.14 09:45,23694.6,206,110,96
2020.04.14 10:30,23773.1,137,67,70
2020.04.14 11:15,23669.6,179,85,94
2020.04.14 11:25,23721.6,187,87,100
2020.04.14 11:30,23691.6,194,96,98
2020.04.14 11:40,23733.6,172,86,86
2020.04.14 11:55,23656.6,197,92,105
2020.04.14 12:30,23768.6,140,65,75
2020.04.14 12:55,23699.6,192,94,98
2020.04.14 13:00,23729.1,164,83,81
2020.04.14 13:05,23695.6,193,103,90
2020.04.14 13:50,23655.1,195,89,106
2020.04.14 14:55,23731.1,160,82,78
2020.04.14 15:40,23731.1,158,80,78
2020.04.14 16:15,23885.6,258,142,116
2020.04.14 17:00,24014.0,176,79,97
2020.04.14 17:20,24037.0,174,84,90
2020.04.14 17:45,23975.5,159,77,82
2020.04.14 18:50,23825.5,126,73,53
2020.04.14 18:55,23762.5,121,60,61
2020.04.14 19:05,23931.0,213,90,123
2020.04.14 19:20,23973.0,155,81,74
2020.04.14 19:45,23889.9,231,113,118
2020.04.14 19:55,23956.4,158,73,85
2020.04.14 20:05,23854.4,187,102,85
2020.04.14 20:10,23892.9,227,116,111
2020.04.14 20:30,23938.9,191,82,109
2020.04.14 20:35,23893.9,216,113,103
2020.04.14 20:50,23982.9,156,81,75
2020.04.14 21:05,23913.9,220,112,108
2020.04.14 21:20,23990.9,185,102,83
2020.04.14 21:45,23890.4,229,113,116
2020.04.14 21:55,23950.4,159,75,84
2020.04.15 01:40,23997.6,176,86,90
2020.04.15 01:45,24012.6,164,72,92
2020.04.15 02:25,23969.1,138,73,65
2020.04.15 03:05,23907.6,217,115,102
2020.04.15 03:25,23882.6,228,120,108
2020.04.15 03:30,23911.1,213,107,106
2020.04.15 03:45,23856.1,185,103,82
2020.04.15 03:55,23912.1,213,104,109
2020.04.15 04:20,23832.6,135,71,64
2020.04.15 04:50,23903.6,219,111,108
2020.04.15 04:55,23880.6,227,115,112
2020.04.15 05:00,23912.6,214,107,107
2020.04.15 05:25,23882.1,220,115,105
2020.04.15 05:45,23821.6,117,60,57
2020.04.15 06:35,23855.1,174,93,81
2020.04.15 06:50,23893.6,207,106,101
2020.04.15 07:10,23847.6,167,88,79
2020.04.15 07:30,23925.1,196,92,104
2020.04.15 07:40,23903.6,215,108,107
2020.04.15 07:45,23925.1,195,92,103
2020.04.15 08:25,23833.6,133,73,60
2020.04.15 08:35,23884.1,225,120,105
2020.04.15 08:55,23814.6,109,53,56
2020.04.15 09:20,23802.3,112,58,54
2020.04.15 09:40,23906.3,208,107,101
2020.04.15 11:20,23711.8,171,83,88
2020.04.15 12:00,23610.8,208,113,95
2020.04.15 12:05,23546.8,216,101,115
2020.04.15 12:35,23628.3,204,103,101
2020.04.15 12:50,23577.3,166,84,82
2020.04.15 13:25,23581.3,168,86,82
2020.04.15 13:30,23633.3,178,90,88
2020.04.15 13:45,23566.3,176,78,98
2020.04.15 14:00,23644.3,181,95,86
2020.04.15 14:05,23604.8,191,95,96
2020.04.15 14:45,23606.3,191,95,96
2020.04.15 14:50,23649.3,182,95,87
2020.04.15 15:40,23505.8,187,105,82
2020.04.15 16:15,23371.3,185,112,73
2020.04.15 16:35,23492.2,172,80,92
2020.04.15 16:45,23345.2,130,71,59
2020.04.15 17:25,23244.7,95,48,47
2020.04.15 17:30,23318.2,109,57,52
2020.04.15 17:35,23224.2,101,47,54
2020.04.15 17:50,23355.7,150,82,68
2020.04.15 18:05,23253.2,115,64,51
2020.04.15 18:20,23242.2,90,44,46
2020.04.15 18:30,23387.2,222,112,110
2020.04.15 18:45,23263.2,112,56,56
2020.04.15 19:10,23274.7,109,52,57
2020.04.15 19:50,23453.2,190,92,98
2020.04.15 20:15,23556.2,207,94,113
2020.04.15 20:50,23473.6,181,87,94
2020.04.15 20:55,23416.1,219,109,110
2020.04.15 21:20,23586.1,163,87,76
2020.04.15 21:25,23516.6,191,97,94
2020.04.15 21:40,23625.1,192,95,97
2020.04.15 21:50,23564.6,178,77,101
2020.04.15 22:00,23645.1,173,93,80
2020.04.15 22:20,23590.1,170,84,86
2020.04.15 22:30,23465.1,176,93,83
2020.04.15 22:35,23527.1,202,105,97
2020.04.15 22:40,23453.1,184,89,95
2020.04.15 22:45,23533.6,203,106,97
2020.04.15 22:50,23439.5,215,92,123
2020.04.15 23:00,23528.9,200,108,92
2020.04.16 00:25,23398.4,215,104,111
2020.04.16 01:00,23497.4,154,78,76
2020.04.16 01:15,23366.9,158,99,59
2020.04.16 01:30,23419.4,214,106,108
2020.04.16 02:20,23357.9,140,80,60
2020.04.16 02:25,23337.4,103,60,43
2020.04.16 02:30,23369.4,162,103,59
2020.04.16 02:35,23340.9,102,54,48
2020.04.16 04:35,23446.9,184,80,104
2020.04.16 05:00,23335.9,93,54,39
2020.04.16 05:20,23434.4,213,105,108
2020.04.16 05:30,23361.4,132,71,61
2020.04.16 06:05,23316.4,92,49,43
2020.04.16 06:10,23356.4,118,66,52
2020.04.16 06:15,23312.4,92,54,38
2020.04.16 06:45,23410.9,204,110,94
2020.04.16 06:55,23376.9,175,103,72
2020.04.16 07:10,23430.9,219,110,109
2020.04.16 07:25,23386.9,195,97,98
2020.04.16 08:05,23386.4,190,94,96
2020.04.16 08:55,23601.4,165,83,82
2020.04.16 09:05,23530.1,194,105,89
2020.04.16 09:55,23708.1,167,80,87
2020.04.16 10:00,23762.1,119,62,57
2020.04.16 10:15,23608.1,179,94,85
2020.04.16 10:30,23717.1,152,72,80
2020.04.16 11:00,23647.1,170,92,78
2020.04.16 11:35,23687.6,145,73,72
2020.04.16 12:05,23562.6,175,81,94
2020.04.16 12:15,23624.1,189,97,92
2020.04.16 12:45,23636.1,161,83,78
2020.04.16 13:05,23532.6,202,106,96
2020.04.16 13:30,23652.1,164,84,80
2020.04.16 14:05,23570.6,144,68,76
2020.04.16 14:25,23621.1,187,95,92
2020.04.16 15:00,23564.6,164,70,94
2020.04.16 15:50,23545.1,193,86,107
2020.04.16 16:10,23645.6,158,84,74
2020.04.16 17:10,23214.5,96,48,48
2020.04.16 17:45,23418.0,201,103,98
2020.04.16 17:50,23358.5,110,63,47
2020.04.16 18:35,23370.5,144,90,54
2020.04.16 18:40,23450.5,171,79,92
2020.04.16 18:45,23399.0,182,89,93
2020.04.16 18:55,23524.5,180,97,83
2020.04.16 21:00,23290.4,85,38,47
2020.04.16 21:15,23463.9,166,84,82
2020.04.16 21:35,23488.4,140,62,78
2020.04.16 21:50,23384.4,172,89,83
2020.04.16 21:55,23454.4,156,74,82
2020.04.16 22:45,23494.7,136,66,70
2020.04.16 22:50,23598.7,131,65,66
2020.04.16 23:00,23490.1,136,60,76
2020.04.16 23:10,23540.6,197,92,105
2020.04.17 00:00,24037.8,167,85,82
2020.04.17 00:05,23866.6,183,102,81
2020.04.17 00:40,24244.2,171,81,90
2020.04.17 00:55,24037.1,168,81,87
2020.04.17 01:10,24156.1,174,82,92
2020.04.17 01:30,24235.1,170,87,83
2020.04.17 01:35,24188.6,171,89,82
2020.04.17 02:20,24444.1,159,78,81
2020.04.17 02:50,24225.1,191,97,94
2020.04.17 03:10,24326.1,159,80,79
2020.04.17 03:20,24243.1,162,76,86
2020.04.17 03:45,24305.1,149,69,80
2020.04.17 05:00,24347.1,159,82,77
2020.04.17 05:40,24407.6,126,73,53
2020.04.17 06:20,24384.1,148,70,78
2020.04.17 06:40,24302.1,153,74,79
2020.04.17 07:20,24382.6,151,72,79
2020.04.17 07:25,24343.6,154,71,83
2020.04.17 07:30,24377.1,158,79,79
2020.04.17 07:35,24354.1,152,81,71
2020.04.17 07:40,24386.6,140,68,72
2020.04.17 08:30,24423.1,147,81,66
2020.04.17 08:40,24382.6,144,69,75
2020.04.17 09:15,24288.3,144,70,74
2020.04.17 09:20,24328.8,144,73,71
2020.04.17 09:35,24246.3,157,69,88
2020.04.17 09:40,24297.8,155,74,81
2020.04.17 09:45,24266.8,145,81,64
2020.04.17 09:50,24304.8,145,67,78
2020.04.17 10:10,24229.3,184,87,97
2020.04.17 10:45,24124.3,186,91,95
2020.04.17 11:10,24265.8,144,76,68
2020.04.17 11:30,24161.3,166,86,80
2020.04.17 11:35,24212.8,203,99,104
2020.04.17 11:40,24164.8,160,88,72
2020.04.17 12:30,24132.8,170,87,83
2020.04.17 12:50,24266.8,140,80,60
2020.04.17 13:20,24301.3,143,72,71
2020.04.17 13:30,24262.8,137,80,57
2020.04.17 13:40,24315.8,137,75,62
2020.04.17 13:45,24273.8,149,81,68
2020.04.17 16:50,24019.9,143,68,75
2020.04.17 17:20,23864.9,177,97,80
2020.04.17 17:25,23943.4,147,65,82
2020.04.17 17:35,23828.9,115,59,56
2020.04.17 17:40,23904.9,199,104,95
2020.04.17 17:45,23821.1,107,52,55
2020.04.17 18:05,23954.4,137,61,76
2020.04.17 18:25,23823.9,109,58,51
2020.04.17 19:15,23959.9,127,58,69
2020.04.17 19:25,23891.9,190,93,97
2020.04.17 19:50,24017.9,151,71,80
2020.04.17 20:40,24014.6,147,69,78
2020.04.17 20:50,23932.6,168,75,93
2020.04.17 20:55,23983.6,126,64,62
2020.04.17 21:20,23964.6,118,55,63
2020.04.17 21:35,23868.6,172,86,86
2020.04.17 22:50,24264.7,130,72,58
2020.04.17 22:55,24177.2,135,64,71
2020.04.17 23:25,24242.9,137,68,69
2020.04.17 23:30,24288.1,124,61,63
2020.04.17 23:40,24238.1,128,66,62
2020.04.17 23:50,24271.1,133,75,58
2020.04.20 01:30,24085.1,149,75,74
2020.04.20 01:40,24034.1,155,73,82
2020.04.20 02:05,24051.6,171,87,84
2020.04.20 02:30,24145.6,161,77,84
2020.04.20 02:40,24099.1,153,81,72
2020.04.20 02:45,24130.6,167,83,84
2020.04.20 03:00,24135.1,158,80,78
2020.04.20 03:05,24098.1,146,82,64
2020.04.20 03:35,24257.6,117,59,58
2020.04.20 03:40,24219.1,181,82,99
2020.04.20 04:40,24096.1,149,84,65
2020.04.20 05:10,24152.1,151,65,86
2020.04.20 05:25,24230.1,151,70,81
2020.04.20 06:25,24207.6,168,84,84
2020.04.20 07:25,24239.6,123,66,57
2020.04.20 07:35,24275.6,136,77,59
2020.04.20 08:15,24176.1,116,55,61
2020.04.20 08:30,24225.6,144,72,72
2020.04.20 09:05,24098.8,149,79,70
2020.04.20 10:20,24019.3,137,62,75
2020.04.20 10:40,24106.8,146,84,62
2020.04.20 10:45,24076.8,134,64,70
2020.04.20 10:55,24134.8,147,74,73
2020.04.20 11:30,24021.8,140,66,74
2020.04.20 12:00,24093.3,132,77,55
2020.04.20 12:05,24062.3,165,78,87
2020.04.20 12:45,24062.8,161,81,80
2020.04.20 13:15,23946.8,125,59,66
2020.04.20 13:25,23842.3,143,73,70
2020.04.20 13:50,23856.8,145,76,69
2020.04.20 14:05,23922.8,167,88,79
2020.04.20 15:15,23806.8,100,47,53
2020.04.20 15:20,23759.3,109,53,56
2020.04.20 15:25,23803.3,102,53,49
2020.04.20 15:50,23767.3,106,48,58
2020.04.20 15:55,23799.8,93,49,44
2020.04.20 16:25,23839.8,128,69,59
2020.04.20 17:00,23817.2,94,40,54
2020.04.20 18:05,24057.1,161,89,72
2020.04.20 18:15,23979.1,124,64,60
2020.04.20 18:30,23985.1,130,62,68
2020.04.20 19:35,24070.6,127,57,70
2020.04.20 20:35,23904.1,167,84,83
2020.04.20 20:40,23970.1,121,64,57
2020.04.20 20:45,23930.1,158,64,94
2020.04.20 21:25,23759.1,103,48,55
2020.04.20 21:35,23841.1,130,69,61
2020.04.20 22:05,23620.1,174,91,83
2020.04.20 22:20,23627.1,159,77,82
2020.04.20 22:40,23680.6,131,65,66
2020.04.20 23:45,23659.9,144,66,78
2020.04.20 23:50,23628.9,157,80,77
2020.04.20 23:55,23656.9,153,70,83
2020.04.21 00:40,23631.4,150,75,75
2020.04.21 02:00,23769.4,95,45,50
2020.04.21 02:15,23694.4,144,83,61
2020.04.21 02:20,23727.9,124,60,64
2020.04.21 02:40,23725.4,127,61,66
2020.04.21 02:50,23629.9,143,73,70
2020.04.21 03:05,23715.9,134,68,66
2020.04.21 03:55,23689.4,122,68,54
2020.04.21 04:00,23742.9,98,48,50
2020.04.21 05:40,23253.4,105,57,48
2020.04.21 06:00,23368.4,127,85,42
2020.04.21 06:10,23453.4,156,76,80
2020.04.21 06:25,23347.4,81,51,30
2020.04.21 06:35,23421.9,175,90,85
2020.04.21 06:45,23342.4,72,40,32
2020.04.21 07:15,23361.4,103,56,47
2020.04.21 07:35,23469.9,163,82,81
2020.04.21 07:40,23419.9,168,84,84
2020.04.21 08:20,23468.4,168,90,78
2020.04.21 08:45,23369.9,119,77,42
2020.04.21 09:10,23439.0,162,70,92
2020.04.21 09:50,23456.0,148,72,76
2020.04.21 10:05,23550.5,181,85,96
2020.04.21 10:25,23404.5,148,70,78
2020.04.21 10:30,23448.5,143,62,81
2020.04.21 10:45,23339.5,69,37,32
2020.04.21 11:10,23469.0,158,84,74
2020.04.21 11:50,23449.5,143,67,76
2020.04.21 11:55,23391.5,142,69,73
2020.04.21 12:00,23449.5,142,67,75
2020.04.21 12:40,23290.5,82,38,44
2020.04.21 13:00,23312.0,73,44,29
2020.04.21 14:10,23133.0,59,30,29
2020.04.21 14:45,23044.0,70,38,32
2020.04.21 14:55,23104.0,86,46,40
2020.04.21 15:10,23002.0,22,13,9
2020.04.21 16:00,22999.0,23,12,11
2020.04.21 16:30,23177.1,70,32,38
2020.04.21 16:35,23038.6,57,32,25
2020.04.21 17:15,23179.6,66,31,35
2020.04.21 18:15,23020.3,31,16,15
2020.04.21 18:20,23125.3,52,28,24
2020.04.21 18:25,22991.8,19,7,12
2020.04.21 18:30,23096.8,74,42,32
2020.04.21 18:45,22939.3,11,7,4
2020.04.21 20:15,23057.0,44,22,22
2020.04.21 20:30,23115.0,60,27,33
2020.04.21 21:00,23050.0,44,21,23
2020.04.21 21:25,23236.0,81,42,39
2020.04.21 22:20,23180.5,61,30,31
2020.04.21 22:30,23092.1,54,26,28
2020.04.21 23:35,23073.9,42,27,15
2020.04.22 00:10,23097.9,50,29,21
2020.04.22 00:35,23094.9,55,31,24
2020.04.22 01:20,23120.9,40,20,20
2020.04.22 02:00,23135.4,29,17,12
2020.04.22 02:15,23065.9,33,16,17
2020.04.22 02:25,23124.9,32,15,17
2020.04.22 02:30,23085.4,37,20,17
2020.04.22 02:35,23125.9,30,13,17
2020.04.22 02:50,23084.9,37,18,19
2020.04.22 03:00,23199.4,72,38,34
2020.04.22 03:40,23072.4,36,23,13
2020.04.22 03:50,22993.4,7,3,4
2020.04.22 04:05,23007.4,7,2,5
2020.04.22 04:45,23027.9,13,7,6
2020.04.22 04:55,23111.9,35,19,16
2020.04.22 05:00,23032.9,16,9,7
2020.04.22 05:35,23069.9,24,16,8
2020.04.22 05:45,23120.4,28,17,11
2020.04.22 05:50,23088.4,25,13,12
2020.04.22 06:20,23026.4,11,7,4
2020.04.22 06:35,23114.9,24,12,12
2020.04.22 07:15,23124.4,27,15,12
2020.04.22 07:45,23066.9,12,7,5
2020.04.22 07:55,23006.4,6,1,5
2020.04.22 08:20,23053.4,8,2,6
2020.04.22 09:05,23117.5,19,11,8
2020.04.22 09:35,23289.0,73,38,35
2020.04.22 10:15,23187.5,62,31,31
2020.04.22 10:30,23286.0,67,33,34
2020.04.22 10:35,23195.0,59,29,30
2020.04.22 11:00,23219.5,71,30,41
2020.04.22 11:40,23354.0,93,55,38
2020.04.22 12:15,23396.0,127,54,73
2020.04.22 12:40,23357.5,91,51,40
2020.04.22 12:55,23366.5,102,64,38
2020.04.22 13:20,23283.5,62,27,35
2020.04.22 13:30,23321.0,56,28,28
2020.04.22 13:50,23247.0,60,30,30
2020.04.22 14:15,23354.5,85,53,32
2020.04.22 14:55,23335.5,54,31,23
2020.04.22 16:05,23410.5,136,74,62
2020.04.22 16:40,23494.6,129,63,66
2020.04.22 16:50,23362.1,92,55,37
2020.04.22 17:00,23461.1,145,76,69
2020.04.22 17:15,23346.1,61,41,20
2020.04.22 17:30,23371.6,111,69,42
2020.04.22 17:40,23457.6,143,76,67
2020.04.22 18:05,23408.1,118,65,53
2020.04.22 18:10,23361.6,83,47,36
2020.04.22 18:50,23494.1,125,59,66
2020.04.22 18:55,23449.6,126,64,62
2020.04.22 19:00,23505.6,140,84,56
2020.04.22 19:35,23441.1,134,58,76
2020.04.22 19:40,23501.1,134,73,61
2020.04.22 19:55,23416.1,122,66,56
2020.04.22 20:00,23446.1,124,58,66
2020.04.22 20:05,23402.1,110,52,58
2020.04.22 20:30,23500.1,133,72,61
2020.04.22 20:40,23441.1,130,56,74
2020.04.22 21:15,23452.6,120,61,59
2020.04.22 21:50,23568.1,143,64,79
2020.04.22 21:55,23518.1,151,81,70
2020.04.22 22:05,23566.6,143,62,81
2020.04.22 22:15,23520.1,153,85,68
2020.04.22 22:40,23586.2,123,68,55
2020.04.22 22:45,23527.2,168,92,76
2020.04.22 22:50,23616.7,145,73,72
2020.04.22 23:05,23417.1,124,65,59
2020.04.22 23:10,23470.6,118,63,55
2020.04.22 23:25,23437.6,122,58,64
2020.04.22 23:35,23473.6,113,56,57
2020.04.23 00:05,23476.0,114,61,53
2020.04.23 00:35,23458.5,117,63,54
2020.04.23 01:05,23420.1,122,62,60
2020.04.23 01:15,23466.1,103,59,44
2020.04.23 03:20,23344.1,55,33,22
2020.04.23 03:25,23399.1,105,47,58
2020.04.23 03:35,23357.1,79,45,34
2020.04.23 03:50,23438.6,116,55,61
2020.04.23 03:55,23396.1,102,41,61
2020.04.23 04:15,23447.1,103,48,55
2020.04.23 04:20,23485.6,116,57,59
2020.04.23 04:30,23427.1,113,61,52
2020.04.23 04:35,23474.6,101,52,49
2020.04.23 04:50,23403.1,102,48,54
2020.04.23 04:55,23446.6,100,48,52
2020.04.23 05:25,23347.6,59,39,20
2020.04.23 05:35,23396.6,99,40,59
2020.04.23 05:50,23374.1,91,55,36
2020.04.23 05:55,23349.1,59,38,21
2020.04.23 06:15,23399.6,97,42,55
2020.04.23 06:20,23365.1,71,39,32
2020.04.23 06:30,23398.6,99,41,58
2020.04.23 06:35,23348.1,59,39,20
2020.04.23 06:40,23376.6,83,53,30
2020.04.23 07:05,23395.1,101,47,54
2020.04.23 07:10,23366.1,66,39,27
2020.04.23 07:40,23452.1,99,53,46
2020.04.23 07:50,23405.6,99,47,52
2020.04.23 08:05,23528.6,165,93,72
2020.04.23 08:45,23440.1,106,48,58
2020.04.23 08:50,23500.1,118,65,53
2020.04.23 09:10,23571.2,125,61,64
2020.04.23 09:40,23598.2,124,62,62
2020.04.23 10:05,23520.2,145,81,64
2020.04.23 10:10,23562.2,150,68,82
2020.04.23 10:25,23430.2,107,56,51
2020.04.23 10:30,23491.2,101,49,52
2020.04.23 10:50,23373.7,76,49,27
2020.04.23 11:05,23365.2,66,37,29
2020.04.23 11:30,23469.2,94,56,38
2020.04.23 11:50,23407.7,93,51,42
2020.04.23 12:20,23456.7,89,47,42
2020.04.23 12:35,23515.2,144,81,63
2020.04.23 12:45,23467.7,91,55,36
2020.04.23 13:25,23462.2,82,43,39
2020.04.23 13:40,23401.2,89,40,49
2020.04.23 14:10,23454.2,79,43,36
2020.04.23 14:50,23401.7,89,40,49
2020.04.23 15:05,23370.7,68,42,26
2020.04.23 16:15,23510.2,135,83,52
2020.04.23 16:40,23702.8,122,62,60
2020.04.23 17:45,23884.7,183,101,82
2020.04.23 18:20,23787.7,75,36,39
2020.04.23 18:25,23850.7,127,63,64
2020.04.23 18:45,23708.2,128,64,64
2020.04.23 19:25,23833.2,102,53,49
2020.04.23 20:25,23549.4,153,71,82
2020.04.23 20:35,23667.9,115,55,60
2020.04.23 21:00,23596.4,117,60,57
2020.04.23 21:10,23485.4,92,45,47
2020.04.23 21:30,23660.4,120,50,70
2020.04.23 21:35,23599.9,111,52,59
2020.04.23 21:55,23714.9,119,59,60
2020.04.23 22:20,23521.9,136,74,62
2020.04.23 22:45,23624.9,130,61,69
2020.04.23 23:25,23488.3,89,44,45
2020.04.23 23:45,23506.7,116,73,43
2020.04.24 00:15,23450.4,71,38,33
2020.04.24 00:40,23465.5,74,47,27
2020.04.24 01:10,23487.7,84,41,43
2020.04.24 02:15,23365.2,63,34,29
2020.04.24 02:30,23415.2,72,39,33
2020.04.24 03:45,23340.2,44,26,18
2020.04.24 04:10,23370.7,60,38,22
2020.04.24 05:15,23342.7,42,24,18
2020.04.24 05:45,23380.2,74,47,27
2020.04.24 06:05,23377.7,70,46,24
2020.04.24 06:35,23372.2,61,42,19
2020.04.24 09:05,23297.3,39,10,29
2020.04.24 09:20,23401.8,69,32,37
2020.04.24 09:55,23461.3,63,36,27
2020.04.24 10:00,23388.8,65,35,30
2020.04.24 10:05,23473.8,78,42,36
2020.04.24 10:30,23394.8,64,29,35
2020.04.24 10:45,23457.8,64,36,28
2020.04.24 10:50,23415.3,61,32,29
2020.04.24 11:20,23356.8,31,19,12
2020.04.24 11:30,23390.8,62,31,31
2020.04.24 11:35,23365.8,39,25,14
2020.04.24 12:20,23489.3,83,40,43
2020.04.24 13:10,23510.8,120,70,50
2020.04.24 14:25,23655.3,120,55,65
2020.04.24 15:15,23564.3,117,48,69
2020.04.24 15:55,23623.3,128,68,60
2020.04.24 16:00,23662.3,108,44,64
2020.04.24 16:05,23620.3,125,67,58
2020.04.24 16:10,23664.3,102,43,59
2020.04.24 16:20,23625.8,115,53,62
2020.04.24 17:20,23566.2,107,42,65
2020.04.24 17:30,23484.2,83,41,42
2020.04.24 17:40,23575.7,88,37,51
2020.04.24 18:10,23415.2,54,28,26
2020.04.24 18:30,23425.2,51,26,25
2020.04.24 18:50,23516.7,115,62,53
2020.04.24 19:20,23474.7,67,36,31
2020.04.24 21:25,23630.3,104,48,56
2020.04.24 22:00,23672.3,96,40,56
2020.04.24 22:45,23825.8,85,53,32
2020.04.24 23:25,23739.6,92,41,51
2020.04.24 23:50,23759.1,75,33,42
2020.04.27 01:00,23860.1,141,74,67
2020.04.27 01:10,23681.1,89,48,41
2020.04.27 01:20,23730.6,105,55,50
2020.04.27 01:35,23646.1,92,49,43
2020.04.27 01:50,23723.1,111,48,63
2020.04.27 01:55,23671.1,95,40,55
2020.04.27 02:10,23724.1,105,49,56
2020.04.27 02:40,23694.6,99,57,42
2020.04.27 03:00,23673.1,92,38,54
2020.04.27 03:40,23704.6,83,46,37
2020.04.27 04:10,23728.1,92,45,47
2020.04.27 05:20,23871.1,148,76,72
2020.04.27 06:10,23909.6,156,82,74
2020.04.27 06:30,23900.6,153,73,80
2020.04.27 06:45,23892.1,162,81,81
2020.04.27 06:50,23862.6,134,72,62
2020.04.27 07:20,23909.1,157,83,74
2020.04.27 08:00,24069.6,129,63,66
2020.04.27 08:05,24012.1,129,58,71
2020.04.27 08:10,24041.1,138,70,68
2020.04.27 08:40,24023.1,121,58,63
2020.04.27 09:15,23956.2,108,49,59
2020.04.27 09:40,23910.2,155,79,76
2020.04.27 09:45,23942.2,110,48,62
2020.04.27 10:50,24030.2,125,60,65
2020.04.27 11:15,23928.2,150,61,89
2020.04.27 11:25,23983.2,107,56,51
2020.04.27 11:30,23935.2,123,50,73
2020.04.27 11:50,23965.2,93,46,47
2020.04.27 11:55,23996.2,136,71,65
2020.04.27 12:55,24051.7,140,78,62
2020.04.27 13:05,23989.7,129,69,60
2020.04.27 13:15,24034.2,115,56,59
2020.04.27 14:05,23951.2,102,45,57
2020.04.27 14:35,23969.2,91,48,43
2020.04.27 14:45,24007.2,111,56,55
2020.04.27 15:00,23972.2,93,50,43
2020.04.27 15:20,24027.7,116,52,64
2020.04.27 15:25,24000.7,115,48,67
2020.04.27 15:30,24047.7,120,68,52
2020.04.27 15:55,23971.7,91,48,43
2020.04.27 16:10,23966.7,87,44,43
2020.04.27 16:15,23998.7,114,53,61
2020.04.27 16:30,23875.3,157,83,74
2020.04.27 16:35,23943.3,100,42,58
2020.04.27 16:45,23841.3,118,63,55
2020.04.27 17:20,24001.2,108,47,61
2020.04.27 17:25,23955.7,94,42,52
2020.04.27 17:30,23997.2,109,54,55
2020.04.27 17:35,23955.7,93,41,52
2020.04.27 17:50,24057.7,150,86,64
2020.04.27 19:10,24020.7,97,47,50
2020.04.27 19:25,24024.7,104,48,56
2020.04.27 19:35,24089.7,119,63,56
2020.04.27 19:45,24034.7,106,53,53
2020.04.27 20:10,24058.2,131,76,55
2020.04.27 20:45,24005.2,95,42,53
2020.04.27 21:20,24106.3,135,78,57
2020.04.27 21:50,24156.3,130,57,73
2020.04.27 21:55,24126.3,154,75,79
2020.04.27 22:20,24191.2,128,70,58
2020.04.28 00:00,24109.3,141,81,60
2020.04.28 00:05,24114.0,153,90,63
2020.04.28 00:25,24105.5,134,73,61
2020.04.28 00:35,24114.3,153,90,63
2020.04.28 01:10,24075.5,113,55,58
2020.04.28 01:25,24129.0,149,72,77
2020.04.28 01:30,24099.5,125,70,55
2020.04.28 01:35,24123.0,157,78,79
2020.04.28 01:40,24103.0,131,71,60
2020.04.28 01:45,24118.5,162,87,75
2020.04.28 02:15,24151.0,136,61,75
2020.04.28 02:30,24115.5,148,90,58
2020.04.28 02:35,24131.0,141,71,70
2020.04.28 02:40,24115.5,147,89,58
2020.04.28 02:45,24133.0,138,70,68
2020.04.28 04:15,24050.5,122,69,53
2020.04.28 04:40,24085.0,109,55,54
2020.04.28 05:15,24059.0,120,66,54
2020.04.28 05:40,24069.5,106,55,51
2020.04.28 07:10,23990.5,105,60,45
2020.04.28 07:55,24054.0,109,64,45
2020.04.28 08:25,24098.0,117,71,46
2020.04.28 08:30,24069.5,101,53,48
2020.04.28 08:40,24113.0,132,77,55
2020.04.28 08:45,24080.5,101,52,49
2020.04.28 08:55,24129.5,135,68,67
2020.04.28 09:00,24067.6,112,55,57
2020.04.28 09:35,24097.1,110,66,44
2020.04.28 09:40,24128.6,130,67,63
2020.04.28 10:10,24126.1,127,64,63
2020.04.28 10:15,24092.1,101,51,50
2020.04.28 10:25,24187.1,112,59,53
2020.04.28 10:30,24129.6,134,68,66
2020.04.28 10:55,24266.1,117,64,53
2020.04.28 11:10,24188.1,115,60,55
2020.04.28 11:25,24238.1,109,58,51
2020.04.28 11:30,24207.6,153,78,75
2020.04.28 12:40,24408.6,125,70,55
2020.04.28 12:45,24365.6,141,70,71
2020.04.28 13:40,24479.1,144,79,65
2020.04.28 15:40,24484.6,152,87,65
2020.04.28 15:55,24534.6,177,81,96
2020.04.28 16:10,24546.6,162,77,85
2020.04.28 17:00,24282.7,130,59,71
2020.04.28 17:15,24405.7,105,56,49
2020.04.28 18:00,24033.2,81,35,46
2020.04.28 18:35,24240.5,109,56,53
2020.04.28 19:10,24199.5,123,64,59
2020.04.28 20:25,24216.6,150,71,79
2020.04.28 20:35,24164.1,92,50,42
2020.04.28 20:45,24250.1,100,46,54
2020.04.28 20:55,24184.6,88,43,45
2020.04.28 21:55,24150.6,113,49,64
2020.04.28 22:30,24241.5,103,56,47
2020.04.28 22:35,24178.0,83,41,42
2020.04.28 22:40,24220.5,137,64,73
2020.04.29 00:55,24174.6,82,43,39
2020.04.29 01:10,24132.8,103,51,52
2020.04.29 01:25,24138.8,102,56,46
2020.04.29 01:40,24081.3,91,46,45
2020.04.29 01:55,24113.3,97,61,36
2020.04.29 03:30,24242.8,103,57,46
2020.04.29 04:25,24373.8,137,75,62
2020.04.29 05:00,24311.3,119,58,61
2020.04.29 05:10,24362.3,132,64,68
2020.04.29 05:15,24310.3,117,52,65
2020.04.29 05:25,24368.8,132,72,60
2020.04.29 06:20,24325.8,132,63,69
2020.04.29 06:40,24343.3,123,54,69
2020.04.29 07:55,24412.3,110,64,46
2020.04.29 08:05,24359.3,111,52,59
2020.04.29 08:45,24377.3,125,62,63
2020.04.29 08:50,24347.3,116,53,63
2020.04.29 09:00,24407.9,98,58,40
2020.04.29 09:25,24266.9,110,65,45
2020.04.29 09:35,24303.9,124,57,67
2020.04.29 09:40,24272.9,122,71,51
2020.04.29 09:50,24315.9,118,65,53
2020.04.29 10:10,24352.9,109,58,51
2020.04.29 10:30,24257.4,97,48,49
2020.04.29 10:55,24339.4,128,61,67
2020.04.29 11:10,24278.9,115,59,56
2020.04.29 11:15,24316.4,111,65,46
2020.04.29 11:25,24273.4,118,66,52
2020.04.29 11:40,24338.4,127,67,60
2020.04.29 11:45,24307.4,108,48,60
2020.04.29 12:05,24366.9,111,55,56
2020.04.29 12:25,24374.4,120,68,52
2020.04.29 12:35,24346.9,109,49,60
2020.04.29 12:40,24369.9,115,61,54
2020.04.29 13:05,24282.4,111,50,61
2020.04.29 13:30,24253.9,93,44,49
2020.04.29 14:10,24338.4,119,63,56
2020.04.29 14:50,24275.4,112,59,53
2020.04.29 16:00,24670.9,67,32,35
2020.04.29 16:55,24577.5,137,65,72
2020.04.29 17:10,24462.6,133,67,66
2020.04.29 17:55,24608.6,100,45,55
2020.04.29 18:25,24647.6,69,33,36
2020.04.29 19:05,24680.6,58,31,27
2020.04.29 19:20,24621.1,74,35,39
2020.04.29 19:50,24735.5,82,37,45
2020.04.29 19:55,24698.0,87,52,35
2020.04.29 20:10,24762.0,56,30,26
2020.04.29 20:35,24646.5,57,27,30
2020.04.29 20:50,24677.0,57,31,26
2020.04.29 21:10,24573.5,139,62,77
2020.04.29 21:25,24690.5,66,41,25
2020.04.29 21:30,24631.5,56,29,27
2020.04.29 21:40,24716.5,103,57,46
2020.04.29 22:05,24746.0,62,28,34
2020.04.29 22:25,24746.2,61,29,32
2020.04.29 22:30,24688.2,57,35,22
2020.04.29 22:55,24618.7,70,27,43
2020.04.29 23:40,24768.0,54,29,25
2020.04.29 23:45,24706.0,79,34,45
2020.04.30 00:15,24733.3,72,36,36
2020.04.30 00:50,24747.7,58,28,30
2020.04.30 01:30,24751.0,47,22,25
2020.04.30 02:05,24694.5,62,34,28
2020.04.30 02:25,24687.5,51,31,20
2020.04.30 02:50,24694.5,58,30,28
2020.04.30 02:55,24715.5,79,44,35
2020.04.30 03:05,24655.0,45,25,20
2020.04.30 03:10,24685.5,44,27,17
2020.04.30 03:20,24645.5,47,24,23
2020.04.30 03:45,24602.0,96,47,49
2020.04.30 04:05,24684.5,41,24,17
2020.04.30 04:30,24689.5,54,34,20
2020.04.30 07:00,24798.5,33,15,18
2020.04.30 07:50,24847.0,9,2,7
2020.04.30 08:00,24876.5,11,8,3
2020.04.30 08:05,24850.5,10,4,6
2020.04.30 08:10,24874.5,9,6,3
2020.04.30 08:40,24851.5,6,4,2
2020.04.30 09:30,24798.6,30,15,15
2020.04.30 09:35,24761.6,40,22,18
2020.04.30 09:55,24821.1,14,4,10
2020.04.30 10:00,24748.6,46,20,26
2020.04.30 10:05,24822.6,12,4,8
2020.04.30 10:55,24666.1,28,18,10
2020.04.30 11:20,24677.6,32,18,14
2020.04.30 11:40,24721.6,66,27,39
2020.04.30 11:45,24752.1,39,20,19
2020.04.30 12:05,24686.6,35,20,15
2020.04.30 12:15,24739.6,53,24,29
2020.04.30 12:20,24709.6,54,29,25
2020.04.30 13:00,24791.6,20,9,11
2020.04.30 13:15,24727.6,48,18,30
2020.04.30 13:25,24772.1,23,13,10
2020.04.30 14:10,24591.1,113,56,57
2020.04.30 14:15,24621.6,62,26,36
2020.04.30 15:00,24481.6,139,80,59
2020.04.30 15:10,24552.6,139,63,76
2020.04.30 15:20,24491.6,158,89,69
2020.04.30 16:25,24433.6,135,64,71
2020.04.30 16:35,24259.2,96,52,44
2020.04.30 16:40,24333.7,105,54,51
2020.04.30 16:45,24249.2,96,44,52
2020.04.30 17:00,24464.2,129,65,64
2020.04.30 17:05,24359.7,95,40,55
2020.04.30 17:10,24464.0,127,64,63
2020.04.30 17:20,24364.0,100,47,53
2020.04.30 18:35,24349.5,98,46,52
2020.04.30 18:40,24399.0,80,38,42
2020.04.30 19:10,24289.5,80,37,43
2020.04.30 19:30,24185.5,83,40,43
2020.04.30 19:55,24316.2,90,52,38
2020.04.30 20:05,24237.7,80,45,35
2020.04.30 21:30,24336.7,109,59,50
2020.04.30 21:40,24252.7,77,34,43
2020.04.30 21:50,24293.2,74,38,36
2020.04.30 22:30,24386.2,94,50,44
2020.04.30 22:40,24283.2,76,33,43
2020.04.30 22:55,24409.7,82,51,31
2020.05.01 00:15,24195.9,87,43,44
2020.05.01 00:20,24224.3,101,47,54
2020.05.01 01:15,23973.5,81,41,40
2020.05.01 01:35,24070.0,92,46,46
2020.05.01 01:40,24019.5,85,40,45
2020.05.01 02:10,24082.5,89,47,42
2020.05.01 02:25,24092.5,79,40,39
2020.05.01 02:45,24139.5,96,54,42
2020.05.01 02:50,24092.0,81,38,43
2020.05.01 03:00,24174.5,71,38,33
2020.05.01 03:25,24138.0,90,50,40
2020.05.01 03:30,24084.5,86,39,47
2020.05.01 04:05,24187.5,78,42,36
2020.05.01 04:15,24127.5,89,41,48
2020.05.01 04:20,24167.0,72,40,32
2020.05.01 04:50,24077.5,90,42,48
2020.05.01 04:55,24126.5,87,39,48
2020.05.01 05:00,24088.5,76,34,42
2020.05.01 05:05,24124.0,91,43,48
2020.05.01 05:15,24053.0,93,55,38
2020.05.01 05:20,24088.5,74,34,40
2020.05.01 05:45,24013.0,84,38,46
2020.05.01 06:35,24074.5,87,37,50
2020.05.01 07:15,24035.0,62,30,32
2020.05.01 07:30,24087.5,78,36,42
2020.05.01 08:25,24076.0,76,38,38
2020.05.01 09:05,23946.6,97,43,54
2020.05.01 09:10,23990.6,99,57,42
2020.05.01 09:20,23946.1,95,42,53
2020.05.01 09:55,23834.1,97,54,43
2020.05.01 11:00,23887.1,152,89,63
2020.05.01 11:05,23823.1,69,41,28
2020.05.01 11:45,23871.1,128,64,64
2020.05.01 11:55,23933.1,122,55,67
2020.05.01 12:00,23902.1,141,65,76
2020.05.01 12:05,23930.6,126,55,71
2020.05.01 12:20,23870.1,125,63,62
2020.05.01 12:45,23862.1,121,68,53
2020.05.01 13:25,23915.1,122,58,64
2020.05.01 13:50,23875.1,132,69,63
2020.05.01 15:10,23924.1,122,58,64
2020.05.01 15:25,23867.1,123,64,59
2020.05.01 15:30,23913.6,120,60,60
2020.05.01 15:35,23872.1,120,59,61
2020.05.01 15:50,23860.1,116,61,55
2020.05.01 16:20,23977.6,74,34,40
2020.05.01 17:20,23838.5,96,55,41
2020.05.01 17:50,23990.5,97,56,41
2020.05.01 18:05,23896.5,101,49,52
2020.05.01 18:10,23934.0,102,42,60
2020.05.01 18:30,23822.5,69,40,29
2020.05.01 19:00,23729.0,90,44,46
2020.05.01 19:15,23808.0,68,33,35
2020.05.01 20:30,23769.1,58,30,28
2020.05.01 20:45,23694.1,95,54,41
2020.05.01 21:05,23746.1,49,23,26
2020.05.01 21:25,23787.1,59,30,29
2020.05.01 21:50,23716.6,75,41,34
2020.05.01 22:05,23719.6,79,43,36
2020.05.01 22:15,23809.6,62,30,32
2020.05.01 22:35,23694.8,91,51,40
2020.05.01 22:40,23754.8,45,21,24
2020.05.01 22:50,23643.3,86,44,42
2020.05.01 23:10,23748.1,35,18,17
2020.05.01 23:45,23681.6,81,42,39
2020.05.01 23:50,23699.6,82,39,43
2020.05.04 01:00,23407.1,56,28,28
2020.05.04 02:00,23415.6,49,25,24
2020.05.04 02:05,23362.1,30,17,13
2020.05.04 02:15,23423.1,47,23,24
2020.05.04 02:20,23402.1,56,23,33
2020.05.04 02:25,23426.1,46,23,23
2020.05.04 03:15,23415.1,45,24,21
2020.05.04 03:35,23364.6,29,17,12
2020.05.04 03:40,23406.1,47,25,22
2020.05.04 03:55,23321.6,21,12,9
2020.05.04 04:05,23413.6,43,24,19
2020.05.04 04:10,23371.6,30,23,7
2020.05.04 04:40,23461.1,48,28,20
2020.05.04 04:45,23424.1,42,21,21
2020.05.04 05:55,23487.6,61,30,31
2020.05.04 06:20,23519.1,100,53,47
2020.05.04 07:05,23607.1,103,54,49
2020.05.04 07:35,23501.1,74,40,34
2020.05.04 07:45,23546.6,109,52,57
2020.05.04 08:05,23501.6,74,40,34
2020.05.04 08:20,23560.6,106,50,56
2020.05.04 09:10,23568.7,92,41,51
2020.05.04 09:15,23528.7,101,59,42
2020.05.04 09:20,23571.7,80,38,42
2020.05.04 09:30,23519.7,87,49,38
2020.05.04 10:20,23485.2,56,30,26
2020.05.04 11:00,23525.2,94,54,40
2020.05.04 11:05,23591.7,81,38,43
2020.05.04 11:20,23478.2,61,32,29
2020.05.04 11:25,23525.7,91,53,38
2020.05.04 11:35,23463.7,49,29,20
2020.05.04 11:45,23518.2,80,44,36
2020.05.04 12:25,23369.2,29,21,8
2020.05.04 13:20,23513.7,80,51,29
2020.05.04 13:25,23459.2,39,21,18
2020.05.04 13:30,23493.7,53,27,26
2020.05.04 13:35,23464.2,45,28,17
2020.05.04 14:35,23505.7,59,40,19
2020.05.04 14:55,23536.2,92,52,40
2020.05.04 15:00,23452.2,30,16,14
2020.05.04 15:15,23528.2,90,53,37
2020.05.04 15:20,23494.2,45,24,21
2020.05.04 15:30,23556.2,90,43,47
2020.05.04 15:35,23511.2,69,44,25
2020.05.04 15:40,23545.2,91,44,47
2020.05.04 16:05,23449.2,30,15,15
2020.05.04 16:40,23362.3,23,13,10
2020.05.04 17:05,23555.8,92,45,47
2020.05.04 17:10,23508.3,52,40,12
2020.05.04 17:15,23604.3,96,52,44
2020.05.04 17:30,23467.3,30,18,12
2020.05.04 18:00,23464.8,30,20,10
2020.05.04 18:30,23467.3,28,16,12
2020.05.04 18:40,23552.8,89,45,44
2020.05.04 19:15,23506.8,34,27,7
2020.05.04 19:40,23503.8,27,19,8
2020.05.04 19:45,23533.3,64,38,26
2020.05.04 20:55,23547.3,79,46,33
2020.05.04 21:20,23569.3,71,31,40
2020.05.04 21:40,23514.3,36,27,9
2020.05.04 22:50,23697.6,82,39,43
2020.05.04 22:55,23759.1,39,22,17
2020.05.04 23:20,23696.1,78,41,37
2020.05.04 23:30,23673.9,84,33,51
2020.05.04 23:55,23710.9,60,32,28
2020.05.05 00:10,23695.7,72,40,32
2020.05.05 00:45,23689.8,73,39,34
2020.05.05 01:30,23761.9,43,25,18
2020.05.05 02:00,23702.4,54,24,30
2020.05.05 02:10,23738.4,44,16,28
2020.05.05 02:25,23741.4,35,16,19
2020.05.05 03:10,23767.4,44,24,20
2020.05.05 03:15,23804.4,59,35,24
2020.05.05 03:20,23759.4,38,23,15
2020.05.05 04:10,23863.9,115,66,49
2020.05.05 04:15,23824.9,66,42,24
2020.05.05 05:10,23875.4,110,54,56
2020.05.05 05:30,23902.9,107,54,53
2020.05.05 05:50,23853.4,99,46,53
2020.05.05 06:00,23873.4,109,58,51
2020.05.05 06:10,23850.9,99,47,52
2020.05.05 06:20,23882.4,95,46,49
2020.05.05 06:50,23851.9,95,44,51
2020.05.05 07:35,23862.9,97,51,46
2020.05.05 09:10,23949.0,83,38,45
2020.05.05 09:35,23894.5,87,46,41
2020.05.05 10:40,24024.5,67,29,38
2020.05.05 10:50,23988.5,91,51,40
2020.05.05 10:55,24013.0,71,32,39
2020.05.05 11:00,23990.5,94,53,41
2020.05.05 11:10,24047.0,64,33,31
2020.05.05 11:15,23944.5,77,31,46
2020.05.05 11:25,24033.5,60,28,32
2020.05.05 12:15,23880.0,96,46,50
2020.05.05 12:55,23876.5,96,46,50
2020.05.05 13:25,23875.0,97,49,48
2020.05.05 13:40,23938.5,80,32,48
2020.05.05 13:50,23894.5,74,39,35
2020.05.05 14:00,23951.5,73,31,42
2020.05.05 14:05,23911.0,73,38,35
2020.05.05 14:10,23963.5,59,30,29
2020.05.05 14:25,23917.0,76,41,35
2020.05.05 14:40,23902.5,79,36,43
2020.05.05 15:20,23985.5,70,37,33
2020.05.05 15:35,23969.5,65,38,27
2020.05.05 15:40,24003.5,69,28,41
2020.05.05 15:50,23966.5,59,34,25
2020.05.05 15:55,23993.5,80,37,43
2020.05.05 16:00,23963.0,57,28,29
2020.05.05 16:10,24016.5,68,29,39
2020.05.05 17:00,24129.2,88,44,44
2020.05.05 17:10,24050.4,67,40,27
2020.05.05 17:40,24092.4,66,31,35
2020.05.05 17:50,24028.4,59,20,39
2020.05.05 18:15,24057.4,75,45,30
2020.05.05 18:55,24127.9,85,39,46
2020.05.05 20:15,24085.0,62,29,33
2020.05.05 20:20,24057.5,73,43,30
2020.05.05 20:40,24084.5,60,27,33
2020.05.05 20:55,24125.0,82,38,44
2020.05.05 21:00,24088.5,53,24,29
2020.05.05 21:40,24075.0,61,27,34
2020.05.05 21:55,24142.5,80,40,40
2020.05.05 22:05,24107.5,43,30,13
2020.05.05 22:10,24132.0,78,40,38
2020.05.05 22:50,23964.1,56,26,30
2020.05.05 23:05,23837.6,79,46,33
2020.05.06 00:45,23867.9,86,41,45
2020.05.06 00:50,23878.8,87,37,50
2020.05.06 01:40,23886.1,80,41,39
2020.05.06 01:55,23947.1,62,30,32
2020.05.06 02:05,23917.6,59,30,29
2020.05.06 02:45,23922.6,69,38,31
2020.05.06 02:50,23938.1,60,24,36
2020.05.06 03:30,23827.6,62,36,26
2020.05.06 03:35,23870.1,76,38,38
2020.05.06 03:40,23841.6,73,33,40
2020.05.06 03:45,23867.1,81,42,39
2020.05.06 03:55,23748.1,25,12,13
2020.05.06 04:55,23853.1,68,31,37
2020.05.06 05:05,23801.1,47,27,20
2020.05.06 05:10,23838.6,64,36,28
2020.05.06 05:15,23787.1,41,22,19
2020.05.06 06:15,23907.6,56,29,27
2020.05.06 06:25,23877.1,78,31,47
2020.05.06 06:35,23916.1,56,33,23
2020.05.06 06:50,23875.6,81,37,44
2020.05.06 06:55,23903.6,58,26,32
2020.05.06 07:25,23903.6,57,26,31
2020.05.06 07:55,23878.6,71,28,43
2020.05.06 08:30,24014.6,62,29,33
2020.05.06 08:40,23985.1,56,30,26
2020.05.06 08:45,24016.1,64,27,37
2020.05.06 08:50,23984.1,51,26,25
2020.05.06 09:10,23964.2,55,25,30
2020.05.06 10:05,24016.7,61,26,35
2020.05.06 11:05,24052.7,53,31,22
2020.05.06 11:25,23995.7,56,24,32
2020.05.06 11:35,24044.7,47,25,22
2020.05.06 11:50,23985.7,49,25,24
2020.05.06 12:20,24067.7,52,30,22
2020.05.06 12:25,24040.7,36,17,19
2020.05.06 12:45,24079.7,56,28,28
2020.05.06 12:50,24045.2,45,23,22
2020.05.06 13:05,24105.7,41,30,11
2020.05.06 13:45,24100.7,35,18,17
2020.05.06 14:10,24048.7,44,22,22
2020.05.06 14:20,24066.7,40,23,17
2020.05.06 15:05,23987.2,54,27,27
2020.05.06 15:10,24029.7,34,12,22
2020.05.06 15:30,23986.2,49,25,24
2020.05.06 15:40,23925.7,60,25,35
2020.05.06 17:10,23766.2,36,17,19
2020.05.06 18:25,23814.2,42,21,21
2020.05.06 18:50,23773.2,41,23,18
2020.05.06 19:10,23807.2,43,19,24
2020.05.06 19:40,23854.8,49,23,26
2020.05.06 19:50,23912.3,44,25,19
2020.05.06 20:10,23837.8,43,26,17
2020.05.06 20:45,23925.8,53,24,29
2020.05.06 22:00,23813.8,31,13,18
2020.05.06 22:20,23864.1,47,30,17
2020.05.06 23:35,23632.9,83,41,42
2020.05.06 23:45,23608.9,93,52,41
2020.05.07 00:00,23611.9,93,53,40
2020.05.07 01:15,23636.4,84,43,41
2020.05.07 01:55,23521.4,41,28,13
2020.05.07 02:00,23559.4,72,32,40
2020.05.07 02:05,23531.4,53,33,20
2020.05.07 02:10,23563.9,72,34,38
2020.05.07 02:15,23536.9,53,31,22
2020.05.07 02:20,23567.9,68,33,35
2020.05.07 02:25,23541.4,57,31,26
2020.05.07 02:50,23599.4,79,38,41
2020.05.07 02:55,23576.9,66,30,36
2020.05.07 03:15,23671.9,86,34,52
2020.05.07 03:55,23637.4,79,37,42
2020.05.07 04:00,23679.4,75,37,38
2020.05.07 04:05,23640.9,75,36,39
2020.05.07 04:35,23655.9,84,37,47
2020.05.07 05:15,23629.9,82,40,42
2020.05.07 05:50,23665.4,75,31,44
2020.05.07 06:25,23711.9,49,24,25
2020.05.07 07:00,23742.9,24,12,12
2020.05.07 07:05,23712.9,46,23,23
2020.05.07 08:15,23705.4,46,19,27
2020.05.07 08:35,23734.9,30,13,17
2020.05.07 08:50,23702.9,51,22,29
2020.05.07 09:20,23746.5,18,7,11
2020.05.07 09:50,23792.0,35,21,14
2020.05.07 10:35,23840.5,30,17,13
2020.05.07 11:05,23818.5,26,9,17
2020.05.07 11:30,23876.0,42,22,20
2020.05.07 11:55,23860.5,31,21,10
2020.05.07 12:00,23877.0,36,18,18
2020.05.07 12:05,23857.5,23,10,13
2020.05.07 12:45,23937.5,49,22,27
2020.05.07 12:50,23910.5,38,23,15
2020.05.07 12:55,23933.5,47,21,26
2020.05.07 13:00,23894.0,28,15,13
2020.05.07 13:30,23929.5,50,19,31
2020.05.07 14:05,23869.5,29,16,13
2020.05.07 14:15,23901.0,29,17,12
2020.05.07 14:25,23866.5,32,17,15
2020.05.07 14:45,23931.5,45,19,26
2020.05.07 14:50,23907.0,28,18,10
2020.05.07 15:10,23909.0,30,17,13
2020.05.07 15:45,23947.5,41,23,18
2020.05.07 15:55,23914.5,28,17,11
2020.05.07 16:00,23940.0,35,17,18
2020.05.07 16:55,24023.2,29,12,17
2020.05.07 17:30,23986.8,43,23,20
2020.05.07 17:35,23949.3,39,20,19
2020.05.07 17:40,24004.8,33,13,20
2020.05.07 18:45,24092.3,38,20,18
2020.05.07 19:25,24093.3,37,22,15
2020.05.07 19:50,23986.2,33,16,17
2020.05.07 20:10,24054.2,35,21,14
2020.05.07 20:25,24005.7,24,10,14
2020.05.07 20:45,24038.7,28,16,12
2020.05.07 21:25,23922.2,24,13,11
2020.05.07 21:30,23965.2,29,18,11
2020.05.07 21:45,23887.2,26,12,14
2020.05.07 22:00,23859.2,25,14,11
2020.05.07 22:10,23937.7,18,8,10
2020.05.07 22:25,23905.8,11,6,5
2020.05.07 22:40,23838.3,22,12,10
2020.05.07 22:45,23897.8,12,4,8
2020.05.07 23:25,23914.2,7,4,3
2020.05.07 23:45,23941.5,16,9,7
2020.05.08 00:35,23957.6,24,8,16
2020.05.08 01:05,23965.0,25,17,8
2020.05.08 01:10,23942.0,14,7,7
2020.05.08 02:25,23950.0,21,11,10
2020.05.08 02:45,23954.5,19,7,12
2020.05.08 03:10,24036.0,21,12,9
2020.05.08 04:00,24129.5,73,38,35
2020.05.08 04:25,24149.5,74,36,38
2020.05.08 04:35,24120.5,63,35,28
2020.05.08 05:00,24128.5,67,34,33
2020.05.08 05:05,24158.5,67,30,37
2020.05.08 05:10,24136.5,61,29,32
2020.05.08 05:45,24222.5,105,49,56
2020.05.08 06:10,24236.5,76,41,35
2020.05.08 06:35,24225.0,102,52,50
2020.05.08 07:05,24233.5,85,43,42
2020.05.08 07:10,24209.0,101,53,48
2020.05.08 07:15,24239.5,80,48,32
2020.05.08 07:35,24222.0,94,44,50
2020.05.08 07:50,24221.5,97,46,51
2020.05.08 07:55,24209.0,97,50,47
2020.05.08 09:10,24218.1,103,46,57
2020.05.08 09:20,24250.1,67,33,34
2020.05.08 10:10,24187.1,67,34,33
2020.05.08 10:20,24160.1,66,29,37
2020.05.08 10:25,24186.1,71,35,36
2020.05.08 10:35,24138.1,60,33,27
2020.05.08 10:45,24182.1,59,31,28
2020.05.08 12:35,24138.6,54,29,25
2020.05.08 13:40,24197.1,76,38,38
2020.05.08 13:45,24210.6,92,48,44
2020.05.08 14:25,24186.6,62,32,30
2020.05.08 15:05,24165.1,45,23,22
2020.05.08 15:25,24098.6,36,17,19
2020.05.08 15:40,24221.1,91,41,50
2020.05.08 15:50,24173.1,42,24,18
2020.05.08 16:05,24225.1,86,45,41
2020.05.08 16:20,24162.1,41,22,19
2020.05.08 17:15,24229.2,81,37,44
2020.05.08 17:30,24175.2,36,23,13
2020.05.08 17:45,24158.7,43,18,25
2020.05.08 18:30,24261.7,74,39,35
2020.05.08 18:35,24237.2,64,36,28
2020.05.08 18:45,24265.7,77,38,39
2020.05.08 19:40,24256.2,67,36,31
2020.05.08 20:25,24204.7,63,39,24
2020.05.08 20:30,24225.7,71,35,36
2020.05.08 21:05,24154.7,43,17,26
2020.05.08 21:30,24236.7,54,29,25
2020.05.08 21:45,24236.7,53,29,24
2020.05.08 21:55,24210.7,65,35,30
2020.05.08 22:50,24350.8,84,41,43
2020.05.08 22:55,24300.3,69,36,33
2020.05.08 23:20,24363.3,80,35,45
2020.05.08 23:50,24415.1,94,51,43
2020.05.11 01:25,24382.6,89,49,40
2020.05.11 02:15,24355.1,74,40,34
2020.05.11 02:40,24479.6,130,71,59
2020.05.11 03:45,24459.6,117,62,55
2020.05.11 04:20,24508.1,187,107,80
2020.05.11 04:25,24484.1,122,68,54
2020.05.11 04:50,24558.1,131,65,66
2020.05.11 05:45,24543.6,130,66,64
2020.05.11 05:55,24508.6,188,107,81
2020.05.11 06:40,24524.6,178,76,102
2020.05.11 06:45,24533.1,154,73,81
2020.05.11 06:55,24524.6,177,75,102
2020.05.11 07:10,24553.1,129,62,67
2020.05.11 07:55,24513.1,179,92,87
2020.05.11 08:20,24460.6,120,61,59
2020.05.11 08:25,24482.6,116,66,50
2020.05.11 08:30,24453.1,121,55,66
2020.05.11 09:15,24445.7,112,55,57
2020.05.11 09:20,24419.7,99,58,41
2020.05.11 09:30,24452.7,125,57,68
2020.05.11 10:05,24412.2,88,55,33
2020.05.11 10:25,24497.7,158,86,72
2020.05.11 10:45,24464.2,104,51,53
2020.05.11 10:55,24493.7,137,82,55
2020.05.11 11:55,24379.7,85,44,41
2020.05.11 12:15,24292.7,61,31,30
2020.05.11 12:20,24320.7,69,43,26
2020.05.11 12:30,24255.2,58,30,28
2020.05.11 13:00,24277.7,72,32,40
2020.05.11 13:05,24305.7,57,27,30
2020.05.11 13:20,24203.2,50,28,22
2020.05.11 13:25,24230.7,61,30,31
2020.05.11 13:30,24194.7,48,28,20
2020.05.11 14:00,24241.2,49,25,24
2020.05.11 14:10,24205.7,56,37,19
2020.05.11 14:15,24235.7,46,25,21
2020.05.11 14:20,24182.7,29,17,12
2020.05.11 15:05,24102.2,36,20,16
2020.05.11 16:05,24132.2,42,22,20
2020.05.11 16:10,24103.7,35,22,13
2020.05.11 16:25,24147.7,39,17,22
2020.05.11 16:35,24076.3,31,16,15
2020.05.11 16:45,24165.8,22,10,12
2020.05.11 16:55,24080.3,35,18,17
2020.05.11 17:05,24146.3,37,20,17
2020.05.11 17:15,24067.0,26,16,10
2020.05.11 17:50,24153.0,36,19,17
2020.05.11 17:55,24102.5,24,13,11
2020.05.11 18:35,24195.0,43,26,17
2020.05.11 18:40,24173.5,22,14,8
2020.05.11 18:45,24193.5,42,23,19
2020.05.11 19:10,24170.0,18,9,9
2020.05.11 19:50,24239.3,45,23,22
2020.05.11 20:15,24317.8,59,36,23
2020.05.11 21:15,24242.3,49,25,24
2020.05.11 21:45,24294.3,52,25,27
2020.05.11 21:50,24321.3,66,42,24
2020.05.11 21:55,24297.3,49,23,26
2020.05.11 23:05,24166.1,20,8,12
2020.05.11 23:25,24229.6,53,28,25
2020.05.12 01:20,24264.6,54,26,28
2020.05.12 01:25,24240.6,43,20,23
2020.05.12 02:05,24205.6,36,23,13
2020.05.12 03:40,24103.1,22,14,8
2020.05.12 05:30,23994.6,19,7,12
2020.05.12 05:50,24034.1,12,7,5
2020.05.12 07:05,24058.1,20,13,7
2020.05.12 07:10,24033.1,8,3,5
2020.05.12 08:10,24075.1,17,9,8
2020.05.12 08:25,24132.1,18,11,7
2020.05.12 08:30,24111.1,21,13,8
2020.05.12 09:20,24032.7,6,3,3
2020.05.12 09:25,23999.2,14,3,11
2020.05.12 10:20,24166.2,12,6,6
2020.05.12 11:05,24102.7,13,9,4
2020.05.12 11:40,24130.7,10,7,3
2020.05.12 11:45,24160.7,12,5,7
2020.05.12 12:05,24101.7,12,7,5
2020.05.12 12:30,24178.2,9,6,3
2020.05.12 13:05,24180.2,9,6,3
2020.05.12 13:30,24280.7,54,27,27
2020.05.12 13:35,24251.2,36,18,18
2020.05.12 13:40,24269.7,46,23,23
2020.05.12 14:40,24287.7,39,17,22
2020.05.12 15:10,24345.7,80,37,43
2020.05.12 15:35,24267.2,44,24,20
2020.05.12 15:45,24329.2,64,40,24
2020.05.12 16:00,24348.2,78,37,41
2020.05.12 16:15,24310.2,35,14,21
2020.05.12 16:50,24216.3,40,20,20
2020.05.12 17:00,24306.8,35,14,21
2020.05.12 17:15,24315.8,35,21,14
2020.05.12 17:30,24234.3,39,21,18
2020.05.12 17:35,24277.8,39,16,23
2020.05.12 18:10,24293.8,33,17,16
2020.05.12 18:25,24296.8,34,19,15
2020.05.12 19:10,24211.4,33,15,18
2020.05.12 19:50,24216.5,35,16,19
2020.05.12 19:55,24249.5,17,10,7
2020.05.12 20:25,24054.0,5,4,1
2020.05.12 21:25,24093.0,7,5,2
2020.05.12 21:30,24052.0,3,2,1
2020.05.12 21:35,24102.5,5,3,2
2020.05.12 21:55,24130.5,1,1,0
2020.05.12 23:25,23691.9,65,32,33
2020.05.13 00:05,23525.2,46,31,15
2020.05.13 00:40,23575.4,56,24,32
2020.05.13 00:50,23612.1,81,44,37
2020.05.13 01:00,23523.3,42,29,13
2020.05.13 01:55,23620.3,88,45,43
2020.05.13 02:00,23588.3,58,32,26
2020.05.13 02:55,23475.3,22,9,13
2020.05.13 03:05,23534.3,47,27,20
2020.05.13 03:10,23462.3,24,13,11
2020.05.13 03:30,23571.8,53,26,27
2020.05.13 03:35,23537.3,45,28,17
2020.05.13 03:45,23592.3,61,31,30
2020.05.13 03:55,23558.8,57,26,31
2020.05.13 04:00,23605.8,62,33,29
2020.05.13 04:20,23539.3,44,25,19
2020.05.13 04:25,23582.8,46,22,24
2020.05.13 04:45,23530.8,39,24,15
2020.05.13 05:05,23626.8,73,37,36
2020.05.13 05:50,23669.3,68,30,38
2020.05.13 06:05,23677.8,59,27,32
2020.05.13 08:40,23741.8,17,12,5
2020.05.13 09:50,23739.4,16,9,7
2020.05.13 09:55,23781.4,23,14,9
2020.05.13 10:15,23686.9,49,25,24
2020.05.13 10:20,23731.9,16,9,7
2020.05.13 10:35,23633.9,63,29,34
2020.05.13 10:55,23713.4,23,11,12
2020.05.13 11:00,23647.4,63,32,31
2020.05.13 11:20,23738.9,15,9,6
2020.05.13 11:25,23709.4,30,9,21
2020.05.13 11:35,23758.4,8,6,2
2020.05.13 12:00,23654.9,58,22,36
2020.05.13 12:20,23744.4,8,3,5
2020.05.13 12:30,23686.4,36,19,17
2020.05.13 13:15,23812.9,25,9,16
2020.05.13 14:00,23824.4,11,4,7
2020.05.13 14:30,23828.4,11,5,6
2020.05.13 15:10,23798.9,21,9,12
2020.05.13 15:15,23833.4,7,5,2
2020.05.13 16:35,23472.0,22,11,11
2020.05.13 16:50,23591.0,52,26,26
2020.05.13 16:55,23499.5,16,10,6
2020.05.13 17:05,23645.0,54,26,28
2020.05.13 18:25,23394.5,32,15,17
2020.05.13 18:30,23477.5,17,6,11
2020.05.13 19:15,23159.0,31,20,11
2020.05.13 19:40,23233.0,60,26,34
2020.05.13 19:50,23306.5,19,12,7
2020.05.13 20:05,23195.5,58,29,29
2020.05.13 20:25,23247.5,51,27,24
2020.05.13 20:30,23299.5,25,7,18
2020.05.13 21:15,23311.0,16,12,4
2020.05.13 21:40,23170.5,44,22,22
2020.05.13 21:55,23144.0,22,13,9
2020.05.13 22:25,23064.6,8,3,5
2020.05.13 23:10,23233.1,45,19,26
2020.05.13 23:45,23262.1,41,17,24
2020.05.14 00:20,23284.4,20,8,12
2020.05.14 01:25,23285.6,18,8,10
2020.05.14 01:50,23288.6,17,6,11
2020.05.14 02:20,23351.1,18,14,4
2020.05.14 02:25,23324.6,8,5,3
2020.05.14 02:35,23368.6,24,17,7
2020.05.14 03:35,23193.6,47,23,24
2020.05.14 04:40,23193.6,46,22,24
2020.05.14 05:00,23238.6,30,13,17
2020.05.14 05:15,23145.6,19,11,8
2020.05.14 05:45,23216.6,42,13,29
2020.05.14 05:50,23182.1,36,19,17
2020.05.14 06:00,23265.1,20,9,11
2020.05.14 06:05,23237.1,29,12,17
2020.05.14 06:20,23234.6,32,12,20
2020.05.14 06:30,23274.6,14,5,9
2020.05.14 07:50,23242.1,18,7,11
2020.05.14 08:35,23161.6,21,13,8
2020.05.14 09:35,23118.7,12,7,5
2020.05.14 09:40,23177.7,29,15,14
2020.05.14 10:20,23280.7,7,3,4
2020.05.14 10:25,23227.7,24,10,14
2020.05.14 11:05,23154.7,12,9,3
2020.05.14 11:35,23235.7,19,8,11
2020.05.14 11:45,23163.7,14,9,5
2020.05.14 11:55,23219.7,19,8,11
2020.05.14 12:00,23176.7,18,6,12
2020.05.14 12:15,23241.2,16,5,11
2020.05.14 12:35,23242.2,13,5,8
2020.05.14 12:40,23211.7,17,7,10
2020.05.14 12:50,23264.7,7,4,3
2020.05.14 13:10,23153.7,11,8,3
2020.05.14 13:20,23202.2,18,7,11
2020.05.14 13:25,23181.2,15,6,9
2020.05.14 13:40,23231.7,8,3,5
2020.05.14 14:00,23226.7,8,2,6
2020.05.14 14:30,23114.2,7,3,4
2020.05.14 14:35,23150.7,9,7,2
2020.05.14 15:45,22883.7,4,1,3
2020.05.14 16:20,22951.2,4,1,3
2020.05.14 17:00,22783.8,0,0,0
2020.05.14 17:10,22900.8,3,2,1
2020.05.14 17:15,22838.8,0,0,0
2020.05.14 17:50,23213.4,9,3,6
2020.05.14 17:55,23123.4,4,3,1
2020.05.14 18:15,23299.4,3,2,1
2020.05.14 18:25,23134.9,4,2,2
2020.05.14 18:40,23077.4,0,0,0
2020.05.14 19:30,23240.9,2,2,0
2020.05.14 19:35,23299.9,2,2,0
2020.05.14 19:45,23229.6,0,0,0
2020.05.14 19:55,23419.1,36,18,18
2020.05.14 20:05,23344.6,11,8,3
2020.05.14 20:30,23503.1,12,9,3
2020.05.14 21:05,23305.6,3,3,0
2020.05.14 23:20,23638.3,50,23,27
2020.05.14 23:35,23648.8,50,26,24
2020.05.14 23:50,23639.8,47,22,25
2020.05.15 00:15,23626.1,52,25,27
2020.05.15 00:55,23620.0,52,29,23
2020.05.15 01:05,23579.3,35,14,21
2020.05.15 01:35,23579.3,34,13,21
2020.05.15 02:50,23662.3,39,12,27
2020.05.15 03:00,23728.3,6,3,3
2020.05.15 03:35,23686.8,31,18,13
2020.05.15 04:10,23581.8,31,12,19
2020.05.15 04:15,23611.3,35,21,14
2020.05.15 04:35,23629.8,39,22,17
2020.05.15 04:45,23546.8,29,16,13
2020.05.15 06:30,23600.3,27,16,11
2020.05.15 06:35,23566.8,24,8,16
2020.05.15 07:00,23650.8,40,21,19
2020.05.15 07:25,23599.3,23,12,11
2020.05.15 08:05,23695.3,32,16,16
2020.05.15 08:25,23641.8,37,20,17
2020.05.15 10:25,23714.4,9,4,5
2020.05.15 10:30,23670.4,24,10,14
2020.05.15 10:40,23715.4,8,4,4
2020.05.15 10:55,23757.4,3,3,0
2020.05.15 11:10,23687.4,22,12,10
2020.05.15 12:25,23675.4,18,4,14
2020.05.15 12:30,23704.4,4,2,2
2020.05.15 12:50,23663.4,23,7,16
2020.05.15 13:00,23621.9,22,14,8
2020.05.15 13:15,23685.4,10,5,5
2020.05.15 13:40,23497.4,8,6,2
2020.05.15 13:45,23568.4,21,8,13
2020.05.15 14:05,23367.9,10,8,2
2020.05.15 14:25,23468.4,12,6,6
2020.05.15 14:40,23345.9,6,6,0
2020.05.15 14:50,23411.4,17,11,6
2020.05.15 15:00,23326.4,0,0,0
2020.05.15 15:20,23458.4,10,7,3
2020.05.15 15:35,23336.4,0,0,0
2020.05.15 16:05,23362.9,1,1,0
2020.05.15 16:35,23343.5,0,0,0
2020.05.15 17:05,23505.5,5,4,1
2020.05.15 17:15,23651.9,20,11,9
2020.05.15 17:45,23571.9,11,6,5
2020.05.15 18:05,23371.4,0,0,0
2020.05.15 18:25,23489.9,1,1,0
2020.05.15 18:50,23402.4,0,0,0
2020.05.15 19:15,23496.9,1,1,0
2020.05.15 19:25,23570.9,11,6,5
2020.05.15 19:30,23529.4,4,4,0
2020.05.15 19:40,23594.0,14,8,6
2020.05.15 19:55,23493.5,0,0,0
2020.05.15 20:30,23561.0,2,1,1
2020.05.15 20:45,23544.0,0,0,0
2020.05.15 21:10,23660.0,18,6,12
2020.05.15 21:25,23730.5,1,1,0
2020.05.15 21:45,23603.0,9,6,3
2020.05.15 21:50,23674.0,10,2,8
2020.05.15 22:05,23672.0,11,2,9
2020.05.15 22:10,23618.5,10,7,3
2020.05.15 22:40,23566.3,0,0,0
2020.05.15 22:55,23702.8,1,1,0
2020.05.15 23:15,23584.7,0,0,0
2020.05.15 23:20,23621.6,4,4,0
2020.05.15 23:25,23587.1,0,0,0
2020.05.15 23:45,23620.2,2,2,0
2020.05.18 01:15,23622.2,0,0,0
2020.05.18 01:25,23681.7,1,1,0
2020.05.18 01:30,23643.7,0,0,0
2020.05.18 02:50,23810.7,12,4,8
2020.05.18 03:25,23811.2,9,3,6
2020.05.18 03:50,23767.7,0,0,0
2020.05.18 04:35,23781.2,0,0,0
2020.05.18 04:45,23821.7,1,1,0
2020.05.18 04:50,23794.7,0,0,0
2020.05.18 04:55,23818.2,2,1,1
2020.05.18 05:00,23803.2,0,0,0
2020.05.18 05:35,23868.2,16,6,10
2020.05.18 05:40,23893.7,9,5,4
2020.05.18 07:15,23842.2,10,3,7
2020.05.18 07:40,23875.7,4,2,2
2020.05.18 07:45,23858.2,6,2,4
2020.05.18 08:00,23882.2,3,3,0
2020.05.18 09:30,23930.8,14,5,9
2020.05.18 09:50,23876.8,0,0,0
2020.05.18 10:05,23960.8,11,5,6
2020.05.18 10:30,23941.8,10,7,3
2020.05.18 10:35,23899.8,0,0,0
2020.05.18 10:45,23943.3,12,8,4
2020.05.18 10:50,23924.8,3,1,2
2020.05.18 11:05,24010.8,2,1,1
2020.05.18 11:10,23965.3,13,9,4
2020.05.18 11:15,24001.8,8,3,5
2020.05.18 11:40,24003.3,7,2,5
2020.05.18 12:05,23939.3,7,5,2
2020.05.18 12:10,23964.8,7,4,3
2020.05.18 13:25,23960.8,1,1,0
2020.05.18 13:30,23938.8,0,0,0
2020.05.18 13:50,23962.3,0,0,0
2020.05.18 14:35,23980.8,0,0,0
2020.05.18 16:20,24312.8,31,18,13
2020.05.18 16:45,24490.4,130,77,53
2020.05.18 16:55,24363.9,58,29,29
2020.05.18 17:00,24433.9,104,52,52
2020.05.18 17:15,24336.9,59,34,25
2020.05.18 17:20,24401.4,58,28,30
2020.05.18 17:50,24473.3,102,54,48
2020.05.18 17:55,24437.8,93,50,43
2020.05.18 18:05,24504.3,171,94,77
2020.05.18 18:10,24470.8,97,53,44
2020.05.18 18:25,24553.8,132,66,66
2020.05.18 18:35,24502.8,170,97,73
2020.05.18 18:40,24555.8,130,64,66
2020.05.18 18:50,24479.3,101,54,47
2020.05.18 19:05,24537.8,133,64,69
2020.05.18 19:45,24488.3,110,61,49
2020.05.18 20:45,24591.8,108,56,52
2020.05.18 20:50,24561.3,120,53,67
2020.05.18 21:40,24634.8,38,20,18
2020.05.18 21:50,24573.3,127,56,71
2020.05.18 22:15,24576.8,120,54,66
2020.05.18 23:25,24592.3,91,45,46
2020.05.19 00:45,24572.6,119,58,61
2020.05.19 01:25,24577.5,110,49,61
2020.05.19 01:50,24646.5,27,14,13
2020.05.19 02:40,24625.0,37,18,19
2020.05.19 03:05,24640.5,32,15,17
2020.05.19 03:20,24588.5,91,45,46
2020.05.19 03:25,24615.5,43,21,22
2020.05.19 03:35,24536.5,126,58,68
2020.05.19 04:10,24522.5,154,75,79
2020.05.19 04:20,24564.5,102,52,50
2020.05.19 04:25,24524.5,156,66,90
2020.05.19 04:30,24571.5,111,52,59
2020.05.19 05:00,24488.5,113,63,50
2020.05.19 05:25,24551.0,103,57,46
2020.05.19 05:50,24505.5,153,83,70
2020.05.19 05:55,24528.5,146,67,79
2020.05.19 06:15,24483.0,102,54,48
2020.05.19 07:25,24565.5,97,41,56
2020.05.19 08:05,24584.5,86,40,46
2020.05.19 08:15,24619.5,39,20,19
2020.05.19 09:55,24834.1,7,4,3
2020.05.19 10:10,24692.6,32,16,16
2020.05.19 10:15,24772.1,19,11,8
2020.05.19 10:35,24629.1,25,13,12
2020.05.19 11:35,24455.1,102,50,52
2020.05.19 11:45,24560.1,97,45,52
2020.05.19 11:50,24514.6,146,76,70
2020.05.19 12:00,24566.1,91,42,49
2020.05.19 12:10,24491.6,113,64,49
2020.05.19 12:15,24529.6,128,58,70
2020.05.19 12:25,24471.6,95,50,45
2020.05.19 12:40,24556.6,97,49,48
2020.05.19 12:45,24502.6,136,79,57
2020.05.19 12:50,24547.1,94,45,49
2020.05.19 13:05,24433.1,99,47,52
2020.05.19 14:25,24613.1,34,16,18
2020.05.19 14:35,24576.1,89,42,47
2020.05.19 14:45,24612.6,36,15,21
2020.05.19 15:55,24574.6,93,41,52
2020.05.19 16:35,24417.7,81,51,30
2020.05.19 16:40,24468.7,91,49,42
2020.05.19 17:10,24592.4,55,26,29
2020.05.19 17:25,24462.4,87,46,41
2020.05.19 17:30,24520.4,123,61,62
2020.05.19 18:05,24548.9,75,39,36
2020.05.19 18:30,24584.4,70,32,38
2020.05.19 18:35,24541.9,77,36,41
2020.05.19 20:10,24520.9,109,55,54
2020.05.19 20:30,24485.4,79,42,37
2020.05.19 20:45,24550.5,65,34,31
2020.05.19 22:00,24348.5,61,27,34
2020.05.19 23:10,24233.8,17,8,9
2020.05.19 23:20,24178.9,6,4,2
2020.05.20 00:25,24182.3,8,6,2
2020.05.20 00:40,24183.2,8,6,2
2020.05.20 00:55,24208.3,16,10,6
2020.05.20 01:05,24145.8,0,0,0
2020.05.20 01:35,24163.3,1,1,0
2020.05.20 02:25,24282.3,30,14,16
2020.05.20 02:55,24272.8,19,11,8
2020.05.20 03:10,24323.8,36,26,10
2020.05.20 04:10,24332.3,44,29,15
2020.05.20 04:50,24404.8,51,30,21
2020.05.20 05:30,24366.3,47,22,25
2020.05.20 06:35,24393.8,49,25,24
2020.05.20 06:40,24376.3,56,31,25
2020.05.20 07:40,24433.8,83,39,44
2020.05.20 08:40,24368.3,44,22,22
2020.05.20 08:45,24386.3,45,27,18
2020.05.20 08:55,24327.8,37,22,15
2020.05.20 09:00,24355.4,39,22,17
2020.05.20 09:10,24292.4,21,11,10
2020.05.20 09:20,24331.4,43,27,16
2020.05.20 09:25,24307.4,18,7,11
2020.05.20 09:40,24312.4,17,10,7
2020.05.20 10:05,24419.4,65,41,24
2020.05.20 10:20,24334.9,38,23,15
2020.05.20 10:25,24379.4,44,25,19
2020.05.20 10:35,24311.9,15,7,8
2020.05.20 10:50,24376.9,42,25,17
2020.05.20 12:10,24481.9,76,42,34
2020.05.20 12:25,24486.4,73,40,33
2020.05.20 12:35,24448.4,68,32,36
2020.05.20 13:05,24542.4,67,33,34
2020.05.20 13:10,24512.9,99,54,45
2020.05.20 13:20,24539.9,68,33,35
2020.05.20 13:30,24500.4,94,51,43
2020.05.20 13:55,24521.9,90,50,40
2020.05.20 14:25,24467.9,62,30,32
2020.05.20 15:35,24495.9,81,43,38
2020.05.20 16:15,24551.4,60,33,27
2020.05.20 16:35,24472.0,67,36,31
2020.05.20 16:55,24490.5,69,37,32
2020.05.20 17:20,24628.5,22,14,8
2020.05.20 18:05,24561.3,56,27,29
2020.05.20 18:45,24646.8,19,9,10
2020.05.20 19:45,24491.3,69,37,32
2020.05.20 20:00,24563.3,51,27,24
2020.05.20 20:25,24476.8,65,34,31
2020.05.20 20:45,24541.8,45,21,24
2020.05.20 21:05,24561.8,50,24,26
2020.05.20 21:15,24463.3,65,37,28
2020.05.20 21:35,24546.8,43,21,22
2020.05.20 21:40,24522.8,58,31,27
2020.05.20 22:50,24501.6,68,37,31
2020.05.20 23:05,24609.3,23,13,10
2020.05.20 23:20,24570.0,51,26,25
2020.05.20 23:45,24606.3,22,14,8
2020.05.21 00:25,24599.1,24,11,13
2020.05.21 00:30,24597.6,26,9,17
2020.05.21 01:25,24563.3,39,18,21
2020.05.21 02:10,24577.3,51,25,26
2020.05.21 02:35,24541.3,33,15,18
2020.05.21 03:10,24497.3,65,34,31
2020.05.21 03:15,24521.8,55,30,25
2020.05.21 03:25,24492.3,58,29,29
2020.05.21 03:30,24518.3,60,32,28
2020.05.21 03:35,24491.3,59,30,29
2020.05.21 06:20,24440.8,67,32,35
2020.05.21 06:25,24456.3,58,31,27
2020.05.21 06:40,24403.3,35,15,20
2020.05.21 06:50,24434.3,68,33,35
2020.05.21 07:05,24404.3,35,17,18
2020.05.21 07:35,24457.3,60,34,26
2020.05.21 08:20,24474.8,59,34,25
2020.05.21 09:10,24412.9,42,24,18
2020.05.21 09:40,24397.4,39,18,21
2020.05.21 10:15,24409.9,32,22,10
2020.05.21 10:20,24382.9,36,22,14
2020.05.21 10:35,24466.9,54,27,27
2020.05.21 10:45,24415.9,37,24,13
2020.05.21 10:50,24440.9,57,29,28
2020.05.21 10:55,24407.9,25,15,10
2020.05.21 11:00,24450.9,48,28,20
2020.05.21 11:15,24381.9,38,20,18
2020.05.21 11:20,24404.9,26,14,12
2020.05.21 11:25,24367.9,31,13,18
2020.05.21 12:20,24403.9,23,9,14
2020.05.21 12:25,24458.9,53,34,19
2020.05.21 12:35,24410.9,26,16,10
2020.05.21 12:40,24433.9,46,25,21
2020.05.21 13:00,24377.9,36,18,18
2020.05.21 13:45,24414.4,22,11,11
2020.05.21 13:50,24437.4,41,23,18
2020.05.21 13:55,24415.9,21,12,9
2020.05.21 14:40,24496.9,56,28,28
2020.05.21 15:00,24427.9,30,17,13
2020.05.21 15:30,24443.9,42,20,22
2020.05.21 15:45,24545.4,31,16,15
2020.05.21 16:05,24487.4,46,22,24
2020.05.21 16:45,24657.7,17,10,7
2020.05.21 16:55,24582.2,36,17,19
2020.05.21 17:00,24665.7,18,12,6
2020.05.21 17:05,24601.7,14,7,7
2020.05.21 17:20,24718.3,52,19,33
2020.05.21 17:50,24544.7,27,13,14
2020.05.21 17:55,24590.7,22,9,13
2020.05.21 18:25,24369.8,31,16,15
2020.05.21 18:55,24471.8,47,26,21
2020.05.21 19:05,24561.8,29,13,16
2020.05.21 19:10,24509.3,40,18,22
2020.05.21 19:15,24549.3,25,14,11
2020.05.21 19:45,24515.1,35,17,18
2020.05.21 20:30,24465.1,39,19,20
2020.05.21 20:35,24510.6,29,13,16
2020.05.21 20:40,24462.6,39,22,17
2020.05.21 21:05,24538.6,18,10,8
2020.05.21 21:20,24547.6,23,13,10
2020.05.21 21:50,24422.6,19,11,8
2020.05.21 22:35,24457.0,28,18,10
2020.05.21 23:35,24448.3,27,15,12
2020.05.21 23:55,24428.3,22,13,9
2020.05.22 00:10,24442.5,33,21,12
2020.05.22 00:15,24437.3,22,13,9
2020.05.22 00:20,24446.6,26,14,12
2020.05.22 00:45,24439.4,24,15,9
2020.05.22 01:30,24509.3,19,10,9
2020.05.22 01:35,24483.8,17,6,11
2020.05.22 01:40,24511.8,17,10,7
2020.05.22 02:15,24489.8,12,4,8
2020.05.22 02:40,24513.3,13,8,5
2020.05.22 02:55,24542.3,17,13,4
2020.05.22 03:10,24506.8,8,5,3
2020.05.22 03:25,24558.8,28,15,13
2020.05.22 04:30,24439.8,19,12,7
2020.05.22 04:35,24472.3,19,7,12
2020.05.22 04:45,24401.8,16,5,11
2020.05.22 04:55,24451.3,19,10,9
2020.05.22 05:20,24372.3,32,18,14
2020.05.22 05:35,24389.3,28,15,13
2020.05.22 05:55,24319.3,15,9,6
2020.05.22 07:35,24301.8,15,11,4
2020.05.22 07:40,24273.3,10,5,5
2020.05.22 07:45,24297.3,12,7,5
2020.05.22 08:25,24204.8,11,7,4
2020.05.22 08:45,24213.8,11,5,6
2020.05.22 09:15,24300.9,15,11,4
2020.05.22 09:20,24279.9,8,4,4
2020.05.22 09:25,24310.9,15,7,8
2020.05.22 09:50,24273.4,3,2,1
2020.05.22 10:15,24156.9,0,0,0
2020.05.22 10:30,24243.4,3,3,0
2020.05.22 10:45,24241.9,3,3,0
2020.05.22 10:55,24177.9,0,0,0
2020.05.22 11:15,24237.4,1,1,0
2020.05.22 11:25,24201.4,0,0,0
2020.05.22 11:50,24255.9,0,0,0
2020.05.22 12:00,24316.4,13,8,5
2020.05.22 12:40,24318.9,10,7,3
2020.05.22 12:55,24275.4,0,0,0
2020.05.22 13:15,24357.9,24,10,14
2020.05.22 13:40,24353.9,23,13,10
2020.05.22 13:55,24312.4,5,4,1
2020.05.22 14:10,24395.9,21,9,12
2020.05.22 14:35,24337.4,21,14,7
2020.05.22 15:20,24449.9,17,10,7
2020.05.22 15:25,24488.9,7,4,3
2020.05.22 15:30,24438.9,14,9,5
2020.05.22 15:50,24438.4,14,8,6
2020.05.22 16:15,24452.9,9,3,6
2020.05.22 16:25,24477.9,8,5,3
2020.05.22 16:40,24336.5,18,12,6
2020.05.22 16:55,24406.0,10,5,5
2020.05.22 17:30,24412.5,12,6,6
2020.05.22 17:35,24370.0,11,6,5
2020.05.22 17:40,24416.5,9,5,4
2020.05.22 18:00,24305.5,1,1,0
2020.05.22 18:25,24297.5,0,0,0
2020.05.22 18:45,24344.0,6,3,3
2020.05.22 18:50,24368.5,7,5,2
2020.05.22 19:50,24367.5,4,2,2
2020.05.22 20:10,24363.0,0,0,0
2020.05.22 20:25,24409.6,9,7,2
2020.05.22 20:40,24376.1,4,3,1
2020.05.22 20:45,24400.6,6,5,1
2020.05.22 20:50,24371.6,2,2,0
2020.05.22 21:25,24420.6,7,3,4
2020.05.25 02:35,24563.6,28,14,14
2020.05.25 03:10,24564.1,25,12,13
2020.05.25 03:15,24599.6,8,6,2
2020.05.25 03:40,24542.6,12,9,3
2020.05.25 03:45,24570.1,25,16,9
2020.05.25 04:25,24531.6,4,3,1
2020.05.25 05:00,24565.6,22,10,12
2020.05.25 06:05,24568.1,18,12,6
2020.05.25 06:25,24565.6,15,9,6
2020.05.25 06:35,24547.1,2,2,0
2020.05.25 06:45,24570.1,22,16,6
2020.05.25 06:55,24551.6,3,2,1
2020.05.25 07:55,24566.1,12,8,4
2020.05.25 08:30,24599.1,8,6,2
2020.05.25 09:15,24628.2,7,7,0
2020.05.25 09:25,24599.7,5,3,2
2020.05.25 09:35,24624.2,7,7,0
2020.05.25 10:25,24579.7,8,3,5
2020.05.25 11:05,24554.2,0,0,0
2020.05.25 12:00,24742.2,33,12,21
2020.05.25 12:20,24704.7,39,14,25
2020.05.25 12:50,24710.2,35,16,19
2020.05.25 12:55,24740.2,36,15,21
2020.05.25 13:10,24687.2,24,15,9
2020.05.25 13:15,24711.2,36,18,18
2020.05.25 14:15,24726.2,27,11,16
2020.05.25 14:35,24685.2,18,11,7
2020.05.25 14:45,24713.7,30,16,14
2020.05.25 15:05,24717.2,34,14,20
2020.05.25 15:40,24744.2,24,11,13
2020.05.25 16:00,24750.2,27,12,15
2020.05.25 16:25,24743.7,24,10,14
2020.05.25 16:45,24719.3,27,9,18
2020.05.25 18:35,24787.3,17,9,8
2020.05.25 18:50,24762.3,21,11,10
2020.05.25 18:55,24768.3,16,10,6
2020.05.25 19:15,24746.3,15,5,10
2020.05.25 19:20,24755.3,18,9,9
2020.05.25 19:25,24747.3,17,7,10
2020.05.25 20:05,24734.4,13,5,8
2020.05.25 20:25,24744.5,16,7,9
2020.05.25 20:35,24741.5,16,8,8
2020.05.25 20:40,24743.0,18,8,10
2020.05.25 20:45,24737.0,14,7,7
2020.05.25 20:55,24743.1,16,8,8
2020.05.25 21:15,24735.8,13,5,8
2020.05.25 21:40,24741.0,11,5,6
2020.05.25 23:10,24760.1,11,6,5
2020.05.25 23:20,24762.0,10,7,3
2020.05.25 23:55,24760.6,11,6,5
2020.05.26 00:00,24761.4,10,7,3
2020.05.26 00:10,24761.1,10,7,3
2020.05.26 00:15,24761.3,10,7,3
2020.05.26 01:20,24734.6,11,5,6
2020.05.26 01:45,24710.6,19,7,12
2020.05.26 01:50,24725.1,14,6,8
2020.05.26 02:25,24684.1,15,8,7
2020.05.26 03:15,24711.6,14,6,8
2020.05.26 03:20,24682.6,12,5,7
2020.05.26 03:50,24760.6,8,6,2
2020.05.26 04:00,24735.6,10,3,7
2020.05.26 04:15,24799.6,23,12,11
2020.05.26 04:20,24777.6,11,5,6
2020.05.26 04:50,24798.1,18,11,7
2020.05.26 05:05,24827.6,9,4,5
2020.05.26 05:15,24797.6,19,11,8
2020.05.26 05:25,24818.6,11,3,8
2020.05.26 05:45,24788.6,12,7,5
2020.05.26 06:05,24816.6,12,3,9
2020.05.26 07:55,24941.6,37,22,15
2020.05.26 08:30,24915.6,23,9,14
2020.05.26 08:40,24968.6,86,42,44
2020.05.26 08:45,24937.6,30,18,12
2020.05.26 10:05,24953.7,55,33,22
2020.05.26 10:30,24928.2,26,11,15
2020.05.26 10:45,24926.7,25,8,17
2020.05.26 11:20,24986.7,74,37,37
2020.05.26 12:15,25041.7,95,45,50
2020.05.26 13:30,25001.7,68,33,35
2020.05.26 13:35,24969.7,62,31,31
2020.05.26 13:45,25004.2,65,31,34
2020.05.26 14:55,25003.2,65,32,33
2020.05.26 15:25,25012.2,73,40,33
2020.05.26 15:30,24988.2,59,31,28
2020.05.26 16:15,25077.7,89,47,42
2020.05.26 16:20,25100.7,82,44,38
2020.05.26 16:35,25006.3,66,34,32
2020.05.26 16:50,25099.8,81,44,37
2020.05.26 17:10,24997.3,59,31,28
2020.05.26 17:40,25058.0,88,48,40
2020.05.26 18:05,25145.5,124,66,58
2020.05.26 18:10,25102.0,82,44,38
2020.05.26 18:20,25144.5,124,66,58
2020.05.26 18:45,25020.0,79,41,38
2020.05.26 18:50,25061.5,83,40,43
2020.05.26 18:55,25035.5,80,33,47
2020.05.26 19:10,25071.5,73,33,40
2020.05.26 20:05,25135.4,123,76,47
2020.05.26 20:10,25112.4,88,51,37
2020.05.26 20:25,25159.9,144,77,67
2020.05.26 20:35,25120.4,89,50,39
2020.05.26 21:45,25098.9,77,42,35
2020.05.26 22:10,25131.9,102,66,36
2020.05.26 22:15,25092.4,75,41,34
2020.05.26 22:55,24961.0,44,21,23
2020.05.26 23:20,25059.7,74,41,33
2020.05.26 23:25,25046.3,73,35,38
2020.05.26 23:40,25077.3,71,41,30
2020.05.27 00:40,25051.8,68,34,34
2020.05.27 00:50,25043.7,66,29,37
2020.05.27 01:10,25063.8,63,31,32
2020.05.27 01:35,25008.3,59,30,29
2020.05.27 01:50,25021.3,66,32,34
2020.05.27 02:05,25054.3,59,30,29
2020.05.27 02:25,25027.3,65,31,34
2020.05.27 02:30,25011.3,58,28,30
2020.05.27 02:35,25031.3,63,29,34
2020.05.27 02:40,25005.3,56,27,29
2020.05.27 03:00,25050.3,63,32,31
2020.05.27 04:30,25097.8,68,36,32
2020.05.27 04:45,25140.3,104,61,43
2020.05.27 05:20,25057.3,60,31,29
2020.05.27 06:00,25168.8,147,66,81
2020.05.27 06:10,25147.8,114,63,51
2020.05.27 07:30,25259.8,119,68,51
2020.05.27 07:45,25241.3,122,66,56
2020.05.27 08:15,25200.3,184,90,94
2020.05.27 08:40,25234.3,130,62,68
2020.05.27 09:15,25215.9,170,80,90
2020.05.27 10:55,25236.9,118,56,62
2020.05.27 11:05,25274.9,139,76,63
2020.05.27 11:10,25256.4,116,64,52
2020.05.27 11:20,25293.4,128,68,60
2020.05.27 11:25,25241.9,119,63,56
2020.05.27 11:40,25320.4,137,68,69
2020.05.27 11:45,25295.4,123,66,57
2020.05.27 12:00,25330.4,149,78,71
2020.05.27 12:05,25303.9,143,74,69
2020.05.27 12:35,25377.4,207,96,111
2020.05.27 12:55,25438.9,208,114,94
2020.05.27 13:45,25410.4,224,112,112
2020.05.27 13:50,25372.9,201,100,101
2020.05.27 15:05,25355.4,202,115,87
2020.05.27 15:20,25411.9,205,102,103
2020.05.27 15:25,25395.9,206,97,109
2020.05.27 15:45,25443.9,225,122,103
2020.05.27 16:15,25406.9,222,119,103
2020.05.27 17:00,25171.5,131,62,69
2020.05.27 17:50,25007.7,54,27,27
2020.05.27 19:15,25289.2,123,64,59
2020.05.27 19:30,25219.2,150,64,86
2020.05.27 19:35,25261.7,102,58,44
2020.05.27 19:40,25231.4,120,52,68
2020.05.27 20:05,25277.9,128,69,59
2020.05.27 20:15,25228.4,121,46,75
2020.05.27 20:20,25260.4,95,58,37
2020.05.27 20:30,25187.4,150,85,65
2020.05.27 20:40,25253.4,95,56,39
2020.05.27 21:15,25321.9,132,68,64
2020.05.27 21:25,25276.4,122,68,54
2020.05.27 21:45,25270.9,119,68,51
2020.05.27 22:00,25347.9,186,106,80
2020.05.27 22:05,25304.9,126,65,61
2020.05.27 22:25,25378.9,209,101,108
2020.05.27 23:25,25550.6,187,96,91
2020.05.28 00:00,25573.5,191,92,99
2020.05.28 00:10,25591.5,187,94,93
2020.05.28 00:25,25568.5,188,89,99
2020.05.28 00:35,25582.0,194,100,94
2020.05.28 01:00,25610.9,217,108,109
2020.05.28 01:10,25569.4,184,87,97
2020.05.28 01:15,25604.4,208,108,100
2020.05.28 01:30,25569.9,182,87,95
2020.05.28 02:00,25630.4,197,99,98
2020.05.28 02:10,25653.9,223,117,106
2020.05.28 02:20,25617.4,216,97,119
2020.05.28 02:25,25638.9,206,110,96
2020.05.28 02:40,25608.9,202,96,106
2020.05.28 03:15,25714.9,262,135,127
2020.05.28 03:50,25794.9,199,96,103
2020.05.28 05:00,25771.4,204,95,109
2020.05.28 05:35,25766.9,208,89,119
2020.05.28 05:40,25784.9,175,94,81
2020.05.28 06:00,25736.4,239,102,137
2020.05.28 06:15,25773.4,188,96,92
2020.05.28 07:10,25697.4,245,122,123
2020.05.28 07:50,25721.4,256,130,126
2020.05.28 08:40,25775.4,180,90,90
2020.05.28 08:50,25740.9,220,89,131
2020.05.28 10:35,25768.5,192,83,109
2020.05.28 10:40,25715.5,251,131,120
2020.05.28 10:50,25802.5,199,109,90
2020.05.28 10:55,25752.5,213,98,115
2020.05.28 11:00,25788.5,174,87,87
2020.05.28 11:30,25665.5,244,132,112
2020.05.28 11:45,25722.5,246,122,124
2020.05.28 12:20,25761.0,207,101,106
2020.05.28 13:20,25632.5,184,88,96
2020.05.28 13:30,25690.5,210,97,113
2020.05.28 13:40,25646.5,214,115,99
2020.05.28 13:50,25714.5,233,119,114
2020.05.28 15:15,25771.0,183,84,99
2020.05.28 15:35,25784.5,169,90,79
2020.05.28 17:00,25570.9,174,79,95
2020.05.28 17:10,25672.9,258,123,135
2020.05.28 18:10,25603.9,190,102,88
2020.05.28 18:15,25663.4,222,124,98
2020.05.28 18:20,25617.4,198,87,111
2020.05.28 18:30,25690.9,208,97,111
2020.05.28 18:40,25618.9,194,90,104
2020.05.28 19:10,25702.9,222,113,109
2020.05.28 19:30,25638.9,182,95,87
2020.05.28 19:50,25735.4,213,97,116
2020.05.28 19:55,25715.4,226,122,104
2020.05.28 20:00,25734.4,221,101,120
2020.05.28 20:20,25698.4,209,107,102
2020.05.28 20:50,25705.4,218,104,114
2020.05.28 20:55,25759.9,198,97,101
2020.05.28 21:10,25685.9,210,100,110
2020.05.28 21:20,25736.4,202,84,118
2020.05.28 22:50,25358.1,200,112,88
2020.05.28 23:20,25421.8,190,96,94
2020.05.29 00:40,25467.3,231,127,104
2020.05.29 00:55,25450.3,230,120,110
2020.05.29 01:05,25490.1,214,102,112
2020.05.29 03:00,25351.6,187,104,83
2020.05.29 03:05,25387.1,208,97,111
2020.05.29 03:15,25329.6,140,77,63
2020.05.29 03:25,25393.1,206,105,101
2020.05.29 04:15,25235.1,106,46,60
2020.05.29 05:00,25384.1,199,97,102
2020.05.29 05:45,25393.6,202,102,100
2020.05.29 05:55,25421.1,188,95,93
2020.05.29 06:15,25371.6,182,90,92
2020.05.29 06:55,25342.1,163,96,67
2020.05.29 07:30,25317.1,121,59,62
2020.05.29 08:10,25422.1,185,93,92
2020.05.29 10:25,25415.7,184,92,92
2020.05.29 11:05,25264.7,97,54,43
2020.05.29 11:35,25343.7,147,82,65
2020.05.29 11:55,25322.2,106,54,52
2020.05.29 12:35,25316.2,101,49,52
2020.05.29 13:05,25423.7,177,93,84
2020.05.29 13:20,25376.7,164,79,85
2020.05.29 13:30,25409.2,187,96,91
2020.05.29 13:35,25375.7,155,75,80
2020.05.29 13:40,25406.7,190,104,86
2020.05.29 13:50,25367.2,167,80,87
2020.05.29 14:00,25411.7,179,94,85
2020.05.29 14:10,25366.7,169,83,86
2020.05.29 14:20,25419.7,184,93,91
2020.05.29 15:40,25338.2,129,74,55
2020.05.29 15:45,25280.7,110,55,55
2020.05.29 15:50,25337.7,127,72,55
2020.05.29 16:10,25243.7,95,45,50
2020.05.29 16:15,25289.2,102,51,51
2020.05.29 16:35,25333.3,116,62,54
2020.05.29 16:40,25261.3,87,48,39
2020.05.29 18:30,25159.3,115,59,56
2020.05.29 18:50,25235.3,99,43,56
2020.05.29 19:20,25116.3,60,32,28
2020.05.29 19:25,25155.8,109,58,51
2020.05.29 19:30,25118.8,61,34,27
2020.05.29 19:40,25169.8,117,54,63
2020.05.29 19:50,25023.9,55,26,29
2020.05.29 20:05,25154.9,104,56,48
2020.05.29 20:50,25120.9,60,35,25
2020.05.29 21:10,25289.9,94,51,43
2020.05.29 21:15,25223.4,124,52,72
2020.05.29 21:50,25071.9,58,23,35
2020.05.29 22:15,25349.9,151,89,62
2020.05.29 22:20,25453.8,211,108,103
2020.05.29 22:35,25341.8,132,80,52
2020.05.29 22:40,25392.3,161,83,78
2020.05.29 22:45,25317.3,88,46,42
2020.05.29 23:40,25527.6,207,95,112
2020.05.29 23:45,25502.6,219,111,108
2020.05.29 23:50,25524.6,218,104,114
2020.06.01 01:05,25152.6,93,51,42
2020.06.01 01:10,25228.6,104,39,65
2020.06.01 01:35,25248.1,81,38,43
2020.06.01 02:15,25180.6,109,59,50
2020.06.01 03:30,25414.6,167,86,81
2020.06.01 03:45,25314.6,85,41,44
2020.06.01 03:55,25371.6,138,64,74
2020.06.01 04:45,25464.6,218,118,100
2020.06.01 05:15,25448.6,202,99,103
2020.06.01 05:25,25478.6,232,111,121
2020.06.01 05:35,25435.6,186,99,87
2020.06.01 05:55,25459.6,192,101,91
2020.06.01 06:00,25491.6,210,102,108
2020.06.01 06:35,25382.6,148,71,77
2020.06.01 06:45,25416.1,166,87,79
2020.06.01 07:30,25430.6,176,97,79
2020.06.01 07:50,25395.6,137,68,69
2020.06.01 08:00,25430.1,175,100,75
2020.06.01 08:50,25396.1,134,66,68
2020.06.01 10:15,25497.2,223,110,113
2020.06.01 10:25,25540.7,170,89,81
2020.06.01 10:35,25496.2,217,106,111
2020.06.01 10:45,25545.2,181,91,90
2020.06.01 11:25,25239.7,81,35,46
2020.06.01 12:05,25386.7,139,66,73
2020.06.01 12:30,25357.2,135,71,64
2020.06.01 12:35,25390.2,140,79,61
2020.06.01 13:00,25303.2,83,37,46
2020.06.01 13:25,25383.2,131,67,64
2020.06.01 15:45,25377.2,113,51,62
2020.06.01 15:50,25356.2,126,65,61
2020.06.01 15:55,25379.2,121,61,60
2020.06.01 16:15,25310.7,78,36,42
2020.06.01 16:25,25351.2,125,66,59
2020.06.01 16:35,25219.8,113,50,63
2020.06.01 16:50,25392.8,138,72,66
2020.06.01 16:55,25347.3,114,58,56
2020.06.01 17:50,25422.8,144,79,65
2020.06.01 17:55,25464.3,191,110,81
2020.06.01 18:25,25369.8,104,45,59
2020.06.01 19:25,25433.8,157,83,74
2020.06.01 19:55,25433.5,157,84,73
2020.06.01 20:25,25499.5,209,101,108
2020.06.01 20:40,25506.5,199,101,98
2020.06.01 21:00,25461.0,173,93,80
2020.06.01 21:30,25430.5,149,83,66
2020.06.01 22:00,25505.0,203,101,102
2020.06.01 22:15,25438.5,154,85,69
2020.06.01 22:40,25440.4,156,82,74
2020.06.01 22:55,25498.4,213,105,108
2020.06.01 23:00,25443.7,165,87,78
2020.06.01 23:20,25482.2,184,88,96
2020.06.01 23:40,25511.7,200,110,90
2020.06.02 02:20,25370.7,103,46,57
2020.06.02 02:25,25337.7,99,58,41
2020.06.02 02:35,25388.2,121,61,60
2020.06.02 03:30,25425.7,140,81,59
2020.06.02 03:45,25418.7,130,71,59
2020.06.02 03:50,25384.7,113,58,55
2020.06.02 04:35,25386.2,119,59,60
2020.06.02 04:40,25415.7,122,70,52
2020.06.02 05:05,25381.2,107,53,54
2020.06.02 05:45,25373.2,91,41,50
2020.06.02 05:55,25341.7,101,60,41
2020.06.02 06:05,25367.7,96,45,51
2020.06.02 07:10,25399.7,109,58,51
2020.06.02 07:40,25395.7,105,51,54
2020.06.02 07:45,25387.7,110,54,56
2020.06.02 07:50,25394.7,106,53,53
2020.06.02 07:55,25384.7,102,51,51
2020.06.02 08:25,25427.7,137,78,59
2020.06.02 08:50,25423.2,127,71,56
2020.06.02 09:00,25469.8,178,99,79
2020.06.02 09:20,25431.8,146,77,69
2020.06.02 10:05,25405.3,115,67,48
2020.06.02 10:10,25454.8,148,78,70
2020.06.02 12:05,25630.8,170,84,86
2020.06.02 12:20,25589.8,166,86,80
2020.06.02 12:50,25666.3,216,118,98
2020.06.02 12:55,25677.3,227,100,127
2020.06.02 13:35,25657.8,182,91,91
2020.06.02 13:45,25688.8,189,85,104
2020.06.02 14:45,25645.8,183,103,80
2020.06.02 14:55,25586.8,162,90,72
2020.06.02 15:10,25607.3,174,82,92
2020.06.02 15:55,25619.3,173,78,95
2020.06.02 16:05,25575.8,173,83,90
2020.06.02 16:45,25537.4,171,84,87
2020.06.02 17:05,25659.9,187,99,88
2020.06.02 17:15,25618.8,175,82,93
2020.06.02 17:30,25711.8,206,110,96
2020.06.02 17:50,25597.3,167,83,84
2020.06.02 17:55,25649.8,178,98,80
2020.06.02 18:40,25628.3,160,73,87
2020.06.02 18:55,25571.8,160,70,90
2020.06.02 19:45,25644.0,169,94,75
2020.06.02 20:15,25675.0,212,93,119
2020.06.02 20:40,25674.5,213,97,116
2020.06.02 20:50,25643.5,162,90,72
2020.06.02 21:00,25677.5,211,95,116
2020.06.02 21:20,25656.0,163,79,84
2020.06.02 21:55,25647.5,167,93,74
2020.06.02 22:10,25592.5,146,73,73
2020.06.02 22:25,25567.2,172,82,90
2020.06.02 23:00,25743.7,176,76,100
2020.06.03 00:05,25713.5,200,105,95
2020.06.03 00:15,25721.4,208,106,102
2020.06.03 01:40,25707.7,195,95,100
2020.06.03 02:50,25833.7,215,108,107
2020.06.03 02:55,25812.7,197,96,101
2020.06.03 03:10,25818.2,200,99,101
2020.06.03 03:25,25836.2,215,119,96
2020.06.03 03:35,25787.7,171,89,82
2020.06.03 04:45,25855.2,214,118,96
2020.06.03 05:25,25781.2,161,87,74
2020.06.03 05:40,25815.7,189,91,98
2020.06.03 05:50,25790.2,170,84,86
2020.06.03 05:55,25814.7,184,87,97
2020.06.03 07:05,25833.2,197,105,92
2020.06.03 07:10,25813.2,182,92,90
2020.06.03 07:15,25833.7,197,103,94
2020.06.03 07:20,25813.2,181,91,90
2020.06.03 07:35,25845.2,201,105,96
2020.06.03 07:40,25829.2,184,98,86
2020.06.03 08:10,25866.2,237,131,106
2020.06.03 08:30,25818.7,180,86,94
2020.06.03 08:50,25836.2,195,107,88
2020.06.03 09:10,25898.8,216,109,107
2020.06.03 09:15,25866.8,236,135,101
2020.06.03 09:20,25887.8,227,104,123
2020.06.03 09:30,25855.3,207,114,93
2020.06.03 09:35,25881.8,248,113,135
2020.06.03 10:00,25847.3,204,105,99
2020.06.03 10:05,25867.3,228,130,98
2020.06.03 10:10,25832.3,189,100,89
2020.06.03 11:15,25829.8,183,96,87
2020.06.03 11:30,25890.8,215,102,113
2020.06.03 11:45,25847.8,198,99,99
2020.06.03 12:05,25863.8,206,118,88
2020.06.03 13:05,25868.8,217,115,102
2020.06.03 13:30,25913.8,219,116,103
2020.06.03 14:15,25897.8,199,99,100
2020.06.03 14:30,25858.8,207,114,93
2020.06.03 14:55,25915.8,220,117,103
2020.06.03 15:20,25956.8,219,105,114
2020.06.03 15:55,25996.8,174,90,84
2020.06.03 16:00,25962.8,201,100,101
2020.06.03 17:05,26024.9,185,101,84
2020.06.03 17:50,26054.5,250,133,117
2020.06.03 18:15,26173.5,344,188,156
2020.06.03 18:35,26202.0,358,188,170
2020.06.03 19:05,26142.5,294,150,144
2020.06.03 19:10,26161.0,323,167,156
2020.06.03 19:20,26114.0,326,154,172
2020.06.03 19:30,26164.0,326,162,164
2020.06.03 19:35,26144.0,287,153,134
2020.06.03 19:40,26168.2,317,163,154
2020.06.03 20:25,26161.7,320,160,160
2020.06.03 20:35,26132.7,290,145,145
2020.06.03 20:40,26156.2,310,161,149
2020.06.03 21:45,26249.7,373,177,196
2020.06.03 22:00,26202.7,355,187,168
2020.06.03 22:40,26337.5,237,123,114
2020.06.03 22:45,26284.5,337,153,184
2020.06.03 22:50,26338.5,237,123,114
2020.06.04 00:35,26258.8,343,177,166
2020.06.04 00:45,26263.9,354,177,177
2020.06.04 01:15,26243.3,373,168,205
2020.06.04 01:25,26219.3,359,198,161
2020.06.04 01:35,26259.3,348,177,171
2020.06.04 02:10,26296.3,315,149,166
2020.06.04 02:40,26360.8,278,149,129
2020.06.04 03:05,26309.8,285,132,153
2020.06.04 03:10,26328.8,251,122,129
2020.06.04 03:50,26233.8,397,182,215
2020.06.04 04:05,26285.8,321,154,167
2020.06.04 04:45,26222.8,362,195,167
2020.06.04 04:50,26253.8,342,166,176
2020.06.04 05:15,26186.8,340,171,169
2020.06.04 06:30,26178.3,330,170,160
2020.06.04 06:40,26202.8,342,182,160
2020.06.04 06:45,26191.8,334,178,156
2020.06.04 07:05,26234.8,387,181,206
2020.06.04 07:15,26201.8,346,179,167
2020.06.04 08:15,26261.3,336,174,162
2020.06.04 08:20,26241.8,363,163,200
2020.06.04 08:35,26226.3,373,202,171
2020.06.04 08:55,26215.3,343,186,157
2020.06.04 10:15,26190.9,331,180,151
2020.06.04 10:20,26144.9,279,148,131
2020.06.04 10:25,26197.9,338,184,154
2020.06.04 10:30,26148.9,285,148,137
2020.06.04 10:35,26171.9,309,167,142
2020.06.04 10:40,26146.4,281,146,135
2020.06.04 11:10,26218.4,339,187,152
2020.06.04 11:15,26187.4,321,168,153
2020.06.04 11:20,26204.4,335,174,161
2020.06.04 12:10,26171.4,300,161,139
2020.06.04 12:30,26101.4,312,152,160
2020.06.04 12:55,26082.4,288,154,134
2020.06.04 13:30,26129.9,283,142,141
2020.06.04 14:15,26149.4,277,144,133
2020.06.04 14:20,26133.4,282,138,144
2020.06.04 14:30,26163.4,307,148,159
2020.06.04 14:40,26119.4,304,151,153
2020.06.04 14:55,26272.4,315,171,144
2020.06.04 16:20,26202.9,328,178,150
2020.06.04 16:35,26244.0,350,161,189
2020.06.04 16:45,26146.0,267,140,127
2020.06.04 17:00,26283.0,336,153,183
2020.06.04 17:10,26230.6,369,198,171
2020.06.04 17:35,26368.1,262,133,129
2020.06.04 18:50,26243.1,345,154,191
2020.06.04 19:05,26292.6,307,151,156
2020.06.04 19:15,26229.6,367,200,167
2020.06.04 19:20,26270.6,289,155,134
2020.06.04 20:15,26211.0,327,173,154
2020.06.04 20:25,26181.0,298,158,140
2020.06.04 21:00,26289.5,307,155,152
2020.06.04 21:05,26246.0,331,153,178
2020.06.04 21:50,26262.5,306,150,156
2020.06.04 22:15,26078.5,280,165,115
2020.06.04 22:40,26166.1,286,140,146
2020.06.04 23:45,26329.4,240,116,124
2020.06.05 00:35,26274.0,294,163,131
2020.06.05 01:00,26309.9,272,128,144
2020.06.05 02:55,26268.9,278,145,133
2020.06.05 03:00,26230.4,354,189,165
2020.06.05 03:15,26293.9,298,156,142
2020.06.05 03:20,26251.4,304,145,159
2020.06.05 03:45,26308.9,255,121,134
2020.06.05 03:55,26274.4,287,159,128
2020.06.05 04:45,26271.4,260,140,120
2020.06.05 07:50,26453.4,208,104,104
2020.06.05 08:00,26422.9,229,109,120
2020.06.05 08:20,26418.4,231,109,122
2020.06.05 08:35,26424.4,224,111,113
2020.06.05 09:15,26524.0,315,154,161
2020.06.05 09:20,26502.0,324,181,143
2020.06.05 09:35,26533.0,317,154,163
2020.06.05 09:40,26515.0,313,150,163
2020.06.05 10:25,26613.5,232,123,109
2020.06.05 10:30,26582.0,234,124,110
2020.06.05 10:45,26649.0,236,119,117
2020.06.05 10:50,26619.0,236,125,111
2020.06.05 11:10,26619.5,235,127,108
2020.06.05 11:25,26620.0,239,125,114
2020.06.05 11:45,26661.0,258,132,126
2020.06.05 12:15,26645.0,226,114,112
2020.06.05 12:55,26595.0,232,120,112
2020.06.05 14:35,26618.0,224,124,100
2020.06.05 14:40,26605.5,208,104,104
2020.06.05 15:20,26566.5,222,102,120
2020.06.05 15:40,26957.0,192,96,96
2020.06.05 15:50,26801.0,222,115,107
2020.06.05 16:45,27077.1,155,90,65
2020.06.05 17:10,27047.3,108,58,50
2020.06.05 18:30,27335.9,243,123,120
2020.06.05 18:40,27222.4,237,123,114
2020.06.05 18:50,27275.4,210,97,113
2020.06.05 19:35,27236.9,202,96,106
2020.06.05 20:15,27191.4,181,93,88
2020.06.05 20:30,27274.9,215,98,117
2020.06.05 20:55,27166.4,184,90,94
2020.06.05 21:20,27179.9,181,94,87
2020.06.05 21:25,27118.4,199,98,101
2020.06.05 21:40,27201.4,189,93,96
2020.06.05 21:55,27099.9,189,92,97
2020.06.05 22:00,27155.4,208,103,105
2020.06.05 22:15,27044.4,102,58,44
2020.06.05 22:25,27160.7,189,92,97
2020.06.05 22:45,27019.2,119,47,72
2020.06.05 23:45,27100.5,182,92,90
2020.06.05 23:50,27078.5,144,78,66
2020.06.08 01:35,27221.0,211,102,109
2020.06.08 01:40,27250.0,210,108,102
2020.06.08 02:30,27308.0,261,130,131
2020.06.08 03:05,27164.0,179,84,95
2020.06.08 03:15,27217.0,207,112,95
2020.06.08 03:20,27184.5,168,86,82
2020.06.08 03:25,27240.5,192,103,89
2020.06.08 04:20,27108.0,172,90,82
2020.06.08 04:30,27157.0,198,104,94
2020.06.08 04:45,27085.5,170,96,74
2020.06.08 04:55,27123.0,180,95,85
2020.06.08 05:45,27160.5,188,90,98
2020.06.08 06:05,27115.5,176,92,84
2020.06.08 06:20,27172.5,169,86,83
2020.06.08 06:55,27126.0,175,83,92
2020.06.08 09:10,27149.1,185,94,91
2020.06.08 09:15,27123.1,168,88,80
2020.06.08 09:20,27156.6,182,96,86
2020.06.08 10:15,27044.1,99,55,44
2020.06.08 10:40,27135.6,168,92,76
2020.06.08 10:55,27072.6,129,66,63
2020.06.08 12:30,27303.6,258,123,135
2020.06.08 13:45,27298.6,253,128,125
2020.06.08 14:45,27343.1,249,126,123
2020.06.08 15:05,27298.1,243,119,124
2020.06.08 15:30,27363.6,256,127,129
2020.06.08 16:50,27337.7,236,121,115
2020.06.08 17:05,27316.7,251,125,126
2020.06.08 17:15,27379.4,216,98,118
2020.06.08 17:35,27253.9,195,105,90
2020.06.08 18:00,27382.4,206,99,107
2020.06.08 18:05,27350.9,239,117,122
2020.06.08 19:15,27313.4,243,113,130
2020.06.08 19:20,27353.9,244,129,115
2020.06.08 19:30,27304.9,238,113,125
2020.06.08 20:00,27340.0,226,115,111
2020.06.08 20:10,27381.5,201,93,108
2020.06.08 20:15,27357.0,233,121,112
2020.06.08 20:45,27387.5,187,92,95
2020.06.08 21:05,27433.5,193,89,104
2020.06.08 21:55,27448.5,180,85,95
2020.06.08 22:10,27401.5,195,103,92
2020.06.08 23:05,27504.5,215,118,97
2020.06.09 00:25,27538.6,322,162,160
2020.06.09 00:30,27545.4,311,148,163
2020.06.09 01:15,27523.5,281,159,122
2020.06.09 01:50,27529.5,311,162,149
2020.06.09 01:55,27542.5,303,144,159
2020.06.09 02:00,27529.5,310,161,149
2020.06.09 02:15,27572.5,272,144,128
2020.06.09 02:35,27532.5,310,162,148
2020.06.09 02:40,27551.5,289,145,144
2020.06.09 03:15,27607.5,259,144,115
2020.06.09 03:50,27554.0,277,135,142
2020.06.09 04:45,27550.0,298,143,155
2020.06.09 04:50,27529.5,299,152,147
2020.06.09 05:00,27573.5,271,145,126
2020.06.09 05:45,27546.0,287,139,148
2020.06.09 06:05,27513.5,254,140,114
2020.06.09 06:35,27527.0,284,151,133
2020.06.09 06:40,27544.5,283,139,144
2020.06.09 07:00,27533.0,285,144,141
2020.06.09 07:10,27506.5,216,121,95
2020.06.09 08:25,27542.5,273,132,141
2020.06.09 08:30,27557.0,270,125,145
2020.06.09 09:20,27543.6,281,137,144
2020.06.09 09:25,27581.6,264,136,128
2020.06.09 09:45,27522.1,268,147,121
2020.06.09 09:50,27538.6,273,141,132
2020.06.09 09:55,27518.1,262,141,121
2020.06.09 10:00,27557.1,263,123,140
2020.06.09 10:45,27356.6,234,120,114
2020.06.09 11:00,27403.1,201,111,90
2020.06.09 11:40,27135.1,161,89,72
2020.06.09 11:50,27236.1,171,83,88
2020.06.09 11:55,27176.1,156,77,79
2020.06.09 12:10,27190.6,161,79,82
2020.06.09 12:30,27292.1,221,112,109
2020.06.09 12:55,27182.1,159,82,77
2020.06.09 13:20,27231.1,170,83,87
2020.06.09 13:25,27174.6,156,81,75
2020.06.09 14:15,27241.1,169,89,80
2020.06.09 14:20,27277.1,179,92,87
2020.06.09 14:30,27231.6,164,77,87
2020.06.09 15:20,27326.6,228,112,116
2020.06.09 15:45,27200.6,163,87,76
2020.06.09 15:50,27241.1,164,87,77
2020.06.09 16:25,27274.6,179,83,96
2020.06.09 16:30,27178.2,152,76,76
2020.06.09 16:35,27341.2,223,116,107
2020.06.09 17:00,27154.2,172,87,85
2020.06.09 17:05,27219.2,172,89,83
2020.06.09 17:10,27170.2,162,79,83
2020.06.09 17:25,27306.2,222,110,112
2020.06.09 17:30,27257.2,180,95,85
2020.06.09 18:15,27348.8,224,107,117
2020.06.09 18:20,27390.3,176,87,89
2020.06.09 18:55,27305.3,219,107,112
2020.06.09 19:05,27247.3,177,92,85
2020.06.09 20:00,27388.5,178,87,91
2020.06.09 21:20,27301.0,221,116,105
2020.06.09 22:05,27332.5,205,108,97
2020.06.09 22:35,27338.0,204,100,104
2020.06.09 22:40,27399.5,169,94,75
2020.06.09 23:15,27264.5,171,83,88
2020.06.10 00:35,27263.8,165,81,84
2020.06.10 01:00,27255.7,165,83,82
2020.06.10 01:30,27265.2,166,83,83
2020.06.10 01:50,27331.7,196,104,92
2020.06.10 02:35,27351.7,203,103,100
2020.06.10 02:40,27324.7,216,106,110
2020.06.10 03:55,27407.7,188,97,91
2020.06.10 04:00,27376.2,182,76,106
2020.06.10 04:35,27437.2,174,82,92
2020.06.10 06:00,27452.7,161,86,75
2020.06.10 06:05,27438.7,157,71,86
2020.06.10 06:10,27452.7,160,86,74
2020.06.10 06:50,27404.7,187,96,91
2020.06.10 07:00,27430.2,174,82,92
2020.06.10 07:25,27393.7,155,85,70
2020.06.10 07:50,27427.7,183,87,96
2020.06.10 07:55,27413.7,183,96,87
2020.06.10 09:10,27393.8,153,83,70
2020.06.10 09:15,27421.3,177,99,78
2020.06.10 10:15,27444.8,162,83,79
2020.06.10 10:20,27407.8,173,91,82
2020.06.10 10:25,27445.3,159,82,77
2020.06.10 10:55,27414.8,167,95,72
2020.06.10 11:15,27412.3,168,88,80
2020.06.10 11:35,27408.3,164,88,76
2020.06.10 12:25,27191.8,145,70,75
2020.06.10 12:55,27233.8,142,70,72
2020.06.10 13:15,27106.8,158,80,78
2020.06.10 14:10,27227.3,151,71,80
2020.06.10 15:30,27332.3,197,102,95
2020.06.10 15:40,27270.8,154,77,77
2020.06.10 16:20,27241.8,141,77,64
2020.06.10 16:55,27065.4,122,60,62
2020.06.10 17:00,27145.9,163,87,76
2020.06.10 17:20,26940.4,174,84,90
2020.06.10 17:40,27097.9,169,84,85
2020.06.10 17:55,26936.9,174,85,89
2020.06.10 18:05,27083.9,148,85,63
2020.06.10 18:10,27019.4,113,45,68
2020.06.10 18:20,27090.9,155,86,69
2020.06.10 18:35,27010.4,135,64,71
2020.06.10 18:40,27136.4,157,88,69
2020.06.10 18:45,27073.9,119,65,54
2020.06.10 18:50,27136.4,156,88,68
2020.06.10 19:55,27145.3,164,86,78
2020.06.10 20:00,27094.3,154,83,71
2020.06.10 20:25,27134.3,142,79,63
2020.06.10 21:15,27354.8,193,99,94
2020.06.10 21:40,27072.8,116,61,55
2020.06.10 21:45,27222.3,151,81,70
2020.06.10 22:00,26983.3,181,82,99
2020.06.10 22:10,27154.3,149,79,70
2020.06.10 22:30,27205.5,145,74,71
2020.06.10 23:05,26907.8,253,118,135
2020.06.10 23:25,26919.9,205,94,111
2020.06.11 00:15,26956.2,178,90,88
2020.06.11 01:40,26814.3,228,121,107
2020.06.11 01:50,26851.8,271,132,139
2020.06.11 02:45,26790.8,231,109,122
2020.06.11 02:55,26736.8,287,141,146
2020.06.11 03:40,26811.3,229,118,111
2020.06.11 03:45,26837.8,269,143,126
2020.06.11 03:55,26792.8,228,104,124
2020.06.11 05:00,26799.8,218,104,114
2020.06.11 05:35,26800.3,214,105,109
2020.06.11 05:45,26835.3,243,136,107
2020.06.11 06:00,26782.3,231,113,118
2020.06.11 07:40,26659.8,252,135,117
2020.06.11 08:20,26470.3,260,148,112
2020.06.11 08:55,26520.8,290,132,158
2020.06.11 09:00,26465.4,245,137,108
2020.06.11 09:20,26560.9,243,109,134
2020.06.11 09:30,26463.4,229,131,98
2020.06.11 09:40,26528.4,294,141,153
2020.06.11 10:10,26387.9,236,111,125
2020.06.11 10:35,26485.9,294,160,134
2020.06.11 11:00,26358.4,254,145,109
2020.06.11 11:25,26373.9,247,113,134
2020.06.11 11:35,26439.4,203,98,105
2020.06.11 11:50,26318.4,253,124,129
2020.06.11 12:20,26468.4,246,145,101
2020.06.11 12:25,26433.4,202,100,102
2020.06.11 12:40,26488.4,299,160,139
2020.06.11 12:45,26464.4,223,128,95
2020.06.11 13:15,26438.4,197,94,103
2020.06.11 13:20,26479.4,267,136,131
2020.06.11 13:50,26449.4,198,100,98
2020.06.11 14:20,26278.4,300,160,140
2020.06.11 15:35,26054.9,248,135,113
2020.06.11 15:40,26122.4,283,142,141
2020.06.11 16:10,26020.4,182,92,90
2020.06.11 16:40,26096.3,290,148,142
2020.06.11 17:05,26115.1,299,146,153
2020.06.11 18:00,25911.1,222,112,110
2020.06.11 18:05,25996.6,164,85,79
2020.06.11 18:10,25907.6,222,106,116
2020.06.11 18:20,26010.1,185,100,85
2020.06.11 18:50,25792.1,174,84,90
2020.06.11 18:55,25863.6,201,113,88
2020.06.11 19:25,25570.6,157,69,88
2020.06.11 19:55,25425.6,129,74,55
2020.06.11 20:55,25582.6,146,73,73
2020.06.11 21:25,25547.6,164,82,82
2020.06.11 21:40,25349.6,102,51,51
2020.06.11 21:45,25429.6,131,75,56
2020.06.11 21:55,25232.6,86,35,51
2020.06.11 23:10,25202.6,115,56,59
2020.06.12 00:10,25175.4,93,48,45
2020.06.12 00:35,25193.4,110,66,44
2020.06.12 00:40,25207.6,106,52,54
2020.06.12 00:50,25184.8,108,61,47
2020.06.12 01:05,25129.1,59,35,24
2020.06.12 01:25,25141.6,69,36,33
2020.06.12 02:00,25366.1,92,44,48
2020.06.12 04:05,25210.6,101,50,51
2020.06.12 04:15,25372.1,79,34,45
2020.06.12 04:20,25327.6,60,35,25
2020.06.12 04:45,25376.6,77,32,45
2020.06.12 05:25,25439.6,123,65,58
2020.06.12 05:35,25502.6,186,97,89
2020.06.12 05:40,25456.6,137,71,66
2020.06.12 06:20,25399.1,88,49,39
2020.06.12 06:50,25534.1,164,74,90
2020.06.12 06:55,25486.6,164,84,80
2020.06.12 08:00,25534.1,157,74,83
2020.06.12 08:15,25459.1,136,69,67
2020.06.12 08:25,25526.1,173,81,92
2020.06.12 08:40,25473.1,156,84,72
2020.06.12 09:25,25379.7,82,40,42
2020.06.12 09:30,25470.2,149,80,69
2020.06.12 09:35,25400.2,89,50,39
2020.06.12 09:40,25469.7,146,79,67
2020.06.12 10:20,25620.7,137,65,72
2020.06.12 10:55,25550.7,157,77,80
2020.06.12 11:00,25494.7,154,76,78
2020.06.12 12:20,25770.2,176,80,96
2020.06.12 12:35,25693.7,184,98,86
2020.06.12 13:15,25809.2,181,92,89
2020.06.12 13:20,25750.2,172,83,89
2020.06.12 13:25,25791.7,168,84,84
2020.06.12 13:45,25620.7,133,62,71
2020.06.12 15:15,25554.7,155,80,75
2020.06.12 15:40,25766.7,165,78,87
2020.06.12 15:50,25700.2,177,95,82
2020.06.12 16:25,25867.2,210,119,91
2020.06.12 16:30,25715.3,175,87,88
2020.06.12 16:40,25957.8,203,97,106
2020.06.12 17:15,25774.2,148,77,71
2020.06.12 17:20,25849.2,177,91,86
2020.06.12 17:45,25665.2,175,99,76
2020.06.12 18:20,25180.7,94,52,42
2020.06.12 19:05,25684.7,179,87,92
2020.06.12 19:10,25560.7,152,73,79
2020.06.12 19:15,25666.7,174,94,80
2020.06.12 19:35,25433.2,108,55,53
2020.06.12 19:40,25524.8,161,80,81
2020.06.12 19:45,25383.3,78,41,37
2020.06.12 19:55,25523.8,164,85,79
2020.06.12 20:50,25076.8,54,28,26
2020.06.12 21:20,25181.3,89,49,40
2020.06.12 21:40,25217.3,90,41,49
2020.06.12 22:55,25654.6,146,78,68
2020.06.12 23:50,25583.9,112,58,54
2020.06.15 01:35,25243.4,49,21,28
2020.06.15 01:40,25191.4,84,47,37
2020.06.15 01:55,25317.4,40,19,21
2020.06.15 02:25,25149.4,63,32,31
2020.06.15 02:40,25291.4,44,24,20
2020.06.15 02:55,25152.9,67,36,31
2020.06.15 03:10,25255.9,32,19,13
2020.06.15 03:15,25186.4,77,43,34
2020.06.15 03:50,25237.9,35,15,20
2020.06.15 04:00,25141.9,61,34,27
2020.06.15 04:05,25190.9,69,38,31
2020.06.15 04:55,25211.4,67,31,36
2020.06.15 05:00,25244.9,32,17,15
2020.06.15 05:05,25191.9,62,35,27
2020.06.15 05:20,25251.4,29,19,10
2020.06.15 05:35,25183.4,71,40,31
2020.06.15 05:45,25219.9,51,22,29
2020.06.15 05:55,25160.4,71,36,35
2020.06.15 06:40,25183.9,66,38,28
2020.06.15 06:45,25212.9,57,29,28
2020.06.15 08:20,24883.4,14,9,5
2020.06.15 08:25,24950.4,37,26,11
2020.06.15 09:05,24563.0,0,0,0
2020.06.15 09:25,24613.5,2,2,0
2020.06.15 09:35,24753.5,4,2,2
2020.06.15 09:45,24610.0,0,0,0
2020.06.15 10:00,24738.5,4,3,1
2020.06.15 10:55,24832.0,2,2,0
2020.06.15 11:10,24755.5,0,0,0
2020.06.15 12:25,25023.0,53,25,28
2020.06.15 13:10,25140.0,55,33,22
2020.06.15 14:15,24874.5,2,2,0
2020.06.15 14:25,25009.0,45,24,21
2020.06.15 14:30,24937.0,13,9,4
2020.06.15 14:50,25112.5,35,18,17
2020.06.15 15:25,24926.5,7,3,4
2020.06.15 16:10,24927.5,7,3,4
2020.06.15 16:40,25078.6,44,26,18
2020.06.15 16:45,24964.1,11,6,5
2020.06.15 17:30,25077.3,41,22,19
2020.06.15 17:35,25176.3,56,29,27
2020.06.15 17:40,25051.3,43,22,21
2020.06.15 18:45,25227.6,33,13,20
2020.06.15 19:25,25522.1,156,85,71
2020.06.15 19:30,25441.1,100,53,47
2020.06.15 20:15,25633.3,115,55,60
2020.06.15 20:30,25513.3,135,74,61
2020.06.15 20:35,25580.8,110,54,56
2020.06.15 20:45,25484.8,123,62,61
2020.06.15 22:10,25825.8,162,89,73
2020.06.15 22:35,25531.8,138,60,78
2020.06.15 23:25,25799.9,144,80,64
2020.06.15 23:50,25861.3,189,108,81
2020.06.15 23:55,25844.3,165,92,73
2020.06.16 01:10,25943.3,212,104,108
2020.06.16 01:25,25902.8,199,102,97
2020.06.16 01:45,25818.8,154,79,75
2020.06.16 01:55,25911.8,208,106,102
2020.06.16 02:40,26036.3,209,124,85
2020.06.16 03:05,26096.8,293,151,142
2020.06.16 03:40,26067.3,239,121,118
2020.06.16 03:50,25991.8,157,86,71
2020.06.16 04:25,26020.3,170,87,83
2020.06.16 04:50,26084.3,273,138,135
2020.06.16 04:55,26042.3,226,130,96
2020.06.16 05:15,26101.8,289,140,149
2020.06.16 05:20,26128.8,253,125,128
2020.06.16 05:25,26093.8,284,146,138
2020.06.16 05:50,26353.3,226,122,104
2020.06.16 06:15,26298.8,265,116,149
2020.06.16 07:15,26305.3,257,124,133
2020.06.16 07:20,26278.8,288,157,131
2020.06.16 07:25,26312.3,233,108,125
2020.06.16 07:40,26251.8,290,143,147
2020.06.16 08:15,26321.8,229,104,125
2020.06.16 08:25,26371.8,242,119,123
2020.06.16 09:20,26200.4,302,158,144
2020.06.16 09:30,26266.9,259,126,133
2020.06.16 09:45,26108.9,304,157,147
2020.06.16 09:50,26176.9,281,147,134
2020.06.16 10:10,26155.4,273,143,130
2020.06.16 10:15,26061.4,222,117,105
2020.06.16 11:05,26040.9,211,125,86
2020.06.16 11:15,26144.9,235,129,106
2020.06.16 11:20,26096.9,277,142,135
2020.06.16 12:05,26268.9,254,132,122
2020.06.16 12:25,26255.4,279,131,148
2020.06.16 12:35,26191.9,279,150,129
2020.06.16 13:00,26215.4,299,163,136
2020.06.16 13:15,26298.4,252,114,138
2020.06.16 13:20,26272.4,254,139,115
2020.06.16 13:30,26332.9,206,102,104
2020.06.16 14:00,26306.9,237,118,119
2020.06.16 14:15,26233.4,320,148,172
2020.06.16 14:25,26272.4,251,138,113
2020.06.16 14:30,26239.4,302,140,162
2020.06.16 14:55,26330.4,211,104,107
2020.06.16 15:00,26302.9,257,122,135
2020.06.16 15:55,26795.9,230,113,117
2020.06.16 16:50,26395.5,198,91,107
2020.06.16 17:05,26554.0,243,116,127
2020.06.16 17:10,26476.5,260,134,126
2020.06.16 17:15,26572.5,224,112,112
2020.06.16 17:20,26447.8,188,93,95
2020.06.16 17:30,26577.8,214,117,97
2020.06.16 18:00,25801.3,140,78,62
2020.06.16 18:05,26157.8,268,147,121
2020.06.16 18:10,26033.3,185,112,73
2020.06.16 18:50,26351.8,200,106,94
2020.06.16 19:05,26139.3,239,117,122
2020.06.16 19:55,26315.8,216,102,114
2020.06.16 20:00,26408.8,225,117,108
2020.06.16 20:05,26324.8,209,101,108
2020.06.16 20:15,26421.9,202,103,99
2020.06.16 20:35,26289.8,244,122,122
2020.06.16 20:55,26235.8,298,141,157
2020.06.16 21:15,26429.3,180,91,89
2020.06.17 00:55,26278.5,255,138,117
2020.06.17 01:15,26130.1,230,112,118
2020.06.17 02:15,26281.1,245,123,122
2020.06.17 02:25,26359.1,226,129,97
2020.06.17 02:35,26328.6,188,88,100
2020.06.17 02:55,26411.6,217,115,102
2020.06.17 03:20,26210.1,263,131,132
2020.06.17 04:00,26375.6,222,102,120
2020.06.17 04:30,26178.1,257,133,124
2020.06.17 05:00,26214.1,268,141,127
2020.06.17 05:05,26269.6,212,110,102
2020.06.17 06:10,26193.1,263,137,126
2020.06.17 06:15,26154.1,238,126,112
2020.06.17 07:10,26246.1,255,118,137
2020.06.17 07:15,26228.6,280,152,128
2020.06.17 08:15,26157.1,241,124,117
2020.06.17 08:35,26167.6,231,111,120
2020.06.17 09:10,26358.7,215,124,91
2020.06.17 09:15,26315.2,192,87,105
2020.06.17 09:25,26392.7,189,84,105
2020.06.17 09:40,26338.2,156,81,75
2020.06.17 10:40,26543.7,273,124,149
2020.06.17 11:50,26530.7,293,142,151
2020.06.17 11:55,26575.2,208,109,99
2020.06.17 12:25,26408.2,212,109,103
2020.06.17 12:30,26457.2,186,104,82
2020.06.17 12:35,26402.7,188,95,93
2020.06.17 13:40,26495.7,280,150,130
2020.06.17 14:20,26479.2,240,120,120
2020.06.17 14:45,26439.7,183,84,99
2020.06.17 14:50,26516.7,256,125,131
2020.06.17 15:00,26418.2,196,94,102
2020.06.17 15:15,26517.7,254,128,126
2020.06.17 15:35,26429.2,171,83,88
2020.06.17 15:45,26459.7,182,107,75
2020.06.17 15:55,26359.7,210,118,92
2020.06.17 16:05,26424.2,186,96,90
2020.06.17 16:40,26254.3,230,112,118
2020.06.17 16:50,26404.3,183,94,89
2020.06.17 17:55,26327.7,158,79,79
2020.06.17 18:25,26165.7,235,111,124
2020.06.17 18:45,26285.2,210,101,109
2020.06.17 18:50,26241.2,248,104,144
2020.06.17 19:55,26260.8,207,99,108
2020.06.17 20:05,26344.8,150,79,71
2020.06.17 20:15,26312.3,170,72,98
2020.06.17 20:40,26383.8,195,91,104
2020.06.17 21:00,26302.8,199,89,110
2020.06.17 21:10,26360.8,207,114,93
2020.06.17 22:30,26111.6,267,119,148
2020.06.17 22:35,26182.1,228,119,109
2020.06.17 22:55,26166.1,231,109,122
2020.06.17 23:00,26107.9,280,132,148
2020.06.17 23:05,26169.9,227,118,109
2020.06.17 23:25,26151.2,210,108,102
2020.06.17 23:30,26191.9,234,125,109
2020.06.18 01:10,26143.9,204,111,93
2020.06.18 02:05,26105.9,274,124,150
2020.06.18 02:15,26143.4,200,109,91
2020.06.18 02:30,26014.4,168,93,75
2020.06.18 02:35,26053.9,223,117,106
2020.06.18 03:15,25905.4,207,106,101
2020.06.18 03:25,25968.9,185,89,96
2020.06.18 04:05,26010.9,167,92,75
2020.06.18 04:55,25848.9,157,77,80
2020.06.18 05:20,25829.4,148,80,68
2020.06.18 05:25,25776.9,127,64,63
2020.06.18 05:40,25858.4,175,97,78
2020.06.18 05:50,25753.9,153,80,73
2020.06.18 06:55,25981.4,160,79,81
2020.06.18 07:15,25934.4,200,99,101
2020.06.18 07:20,25968.4,177,88,89
2020.06.18 08:10,25983.9,146,73,73
2020.06.18 08:15,26015.4,160,88,72
2020.06.18 08:45,25916.4,190,95,95
2020.06.18 09:10,25934.0,189,93,96
2020.06.18 09:50,26068.0,216,110,106
2020.06.18 09:55,26110.0,259,127,132
2020.06.18 10:00,26052.5,225,115,110
2020.06.18 10:15,26167.5,211,104,107
2020.06.18 10:25,26049.5,219,114,105
2020.06.18 10:30,26119.5,232,110,122
2020.06.18 10:40,26024.0,149,81,68
2020.06.18 10:55,26112.0,246,110,136
2020.06.18 11:00,26064.0,203,101,102
2020.06.18 11:05,26180.5,226,118,108
2020.06.18 11:50,26193.0,236,118,118
2020.06.18 11:55,26253.5,210,102,108
2020.06.18 12:20,26243.0,231,104,127
2020.06.18 13:10,26075.5,217,123,94
2020.06.18 13:35,26116.0,228,106,122
2020.06.18 14:30,26062.0,202,108,94
2020.06.18 14:35,25999.5,142,75,67
2020.06.18 14:40,26037.5,183,114,69
2020.06.18 15:25,26006.0,153,85,68
2020.06.18 16:05,25882.5,194,93,101
2020.06.18 16:20,25973.5,154,78,76
2020.06.18 16:50,26051.6,213,112,101
2020.06.18 16:55,25958.1,156,74,82
2020.06.18 17:35,26149.6,186,97,89
2020.06.18 17:40,26056.1,194,104,90
2020.06.18 17:45,26142.1,192,102,90
2020.06.18 17:50,26033.6,165,101,64
2020.06.18 18:10,26092.1,232,111,121
2020.06.18 18:15,26138.1,192,96,96
2020.06.18 18:30,26125.1,190,94,96
2020.06.18 19:25,26079.6,215,119,96
2020.06.18 20:00,26065.8,188,103,85
2020.06.18 20:05,26024.3,132,73,59
2020.06.18 20:20,26076.8,206,116,90
2020.06.18 20:25,26038.3,170,99,71
2020.06.18 20:40,26102.8,239,113,126
2020.06.18 21:50,26029.8,142,84,58
2020.06.18 22:10,25920.3,179,87,92
2020.06.18 22:35,26043.5,183,104,79
2020.06.18 23:50,26071.2,174,95,79
2020.06.19 00:00,26044.1,180,102,78
2020.06.19 00:05,26051.2,186,97,89
2020.06.19 00:10,26045.4,186,98,88
2020.06.19 00:30,26040.8,160,92,68
2020.06.19 01:45,26096.7,226,116,110
2020.06.19 01:50,26120.2,204,93,111
2020.06.19 01:55,26102.2,227,110,117
2020.06.19 02:10,26112.2,219,100,119
2020.06.19 02:45,26204.2,227,123,104
2020.06.19 05:15,26050.2,161,85,76
2020.06.19 05:35,26088.7,210,99,111
2020.06.19 05:45,26058.7,164,87,77
2020.06.19 06:20,26103.2,226,109,117
2020.06.19 06:45,26097.2,217,110,107
2020.06.19 06:50,26066.7,160,87,73
2020.06.19 07:00,26109.2,229,119,110
2020.06.19 07:20,26097.7,213,109,104
2020.06.19 07:25,26067.2,161,84,77
2020.06.19 08:40,26070.7,150,83,67
2020.06.19 08:45,26052.7,159,83,76
2020.06.19 09:50,26135.8,188,98,90
2020.06.19 11:10,26151.3,172,88,84
2020.06.19 11:30,26201.8,219,115,104
2020.06.19 11:35,26151.8,175,91,84
2020.06.19 12:40,26302.8,193,86,107
2020.06.19 12:45,26250.3,220,102,118
2020.06.19 13:10,26321.8,149,67,82
2020.06.19 14:20,26238.3,227,109,118
2020.06.19 14:35,26297.8,184,82,102
2020.06.19 14:40,26276.3,194,111,83
2020.06.19 15:25,26316.8,154,68,86
2020.06.19 15:35,26390.8,179,83,96
2020.06.19 16:45,26295.4,192,96,96
2020.06.19 16:50,26355.4,169,103,66
2020.06.19 17:05,26313.4,153,65,88
2020.06.19 17:10,26245.2,214,95,119
2020.06.19 17:20,26318.2,146,66,80
2020.06.19 17:50,26266.2,178,84,94
2020.06.19 18:20,26145.2,172,94,78
2020.06.19 18:25,26235.2,230,108,122
2020.06.19 18:40,26157.7,192,98,94
2020.06.19 18:50,26216.2,208,115,93
2020.06.19 19:30,25971.2,141,70,71
2020.06.19 22:20,26058.6,151,80,71
2020.06.22 01:50,25469.9,121,66,55
2020.06.22 02:55,25604.9,107,56,51
2020.06.22 03:00,25544.4,122,54,68
2020.06.22 03:05,25610.4,113,56,57
2020.06.22 03:10,25556.4,127,65,62
2020.06.22 03:20,25650.4,139,76,63
2020.06.22 04:25,25748.9,143,66,77
2020.06.22 04:30,25705.9,161,74,87
2020.06.22 04:55,25680.4,174,79,95
2020.06.22 05:15,25722.4,159,78,81
2020.06.22 05:45,25749.4,137,66,71
2020.06.22 05:55,25773.9,123,61,62
2020.06.22 06:05,25730.9,173,84,89
2020.06.22 07:30,25832.4,135,73,62
2020.06.22 07:55,25744.9,128,57,71
2020.06.22 08:35,25773.4,121,59,62
2020.06.22 08:40,25745.9,123,56,67
2020.06.22 08:45,25771.9,122,56,66
2020.06.22 09:20,25659.5,138,69,69
2020.06.22 09:25,25708.5,149,67,82
2020.06.22 09:55,25805.0,118,57,61
2020.06.22 10:45,25837.0,134,73,61
2020.06.22 11:15,25822.0,125,67,58
2020.06.22 11:20,25855.5,136,76,60
2020.06.22 11:25,25819.0,122,64,58
2020.06.22 11:45,25943.5,149,75,74
2020.06.22 11:55,25903.5,166,90,76
2020.06.22 12:05,25986.0,103,52,51
2020.06.22 13:20,25832.0,126,67,59
2020.06.22 14:10,25759.0,130,64,66
2020.06.22 14:15,25801.0,114,60,54
2020.06.22 15:00,25871.0,149,78,71
2020.06.22 15:10,25836.0,127,70,57
2020.06.22 15:45,25781.0,99,49,50
2020.06.22 16:00,25848.0,113,54,59
2020.06.22 17:10,25951.1,141,67,74
2020.06.22 18:00,25759.4,126,59,67
2020.06.22 18:25,25894.9,141,71,70
2020.06.22 18:30,25845.4,106,55,51
2020.06.22 19:15,26004.4,110,62,48
2020.06.22 19:50,26023.5,95,55,40
2020.06.22 19:55,25992.5,101,52,49
2020.06.22 20:00,26028.5,107,66,41
2020.06.22 21:15,25931.0,138,69,69
2020.06.22 23:45,26109.7,218,106,112
2020.06.23 00:05,26068.5,148,81,67
2020.06.23 00:25,26081.2,172,90,82
2020.06.23 00:30,26073.4,154,84,70
2020.06.23 01:55,26162.7,188,91,97
2020.06.23 02:40,26229.2,242,132,110
2020.06.23 02:45,26197.7,204,110,94
2020.06.23 02:50,26218.2,200,111,89
2020.06.23 03:05,26164.2,183,86,97
2020.06.23 03:35,26135.2,179,91,88
2020.06.23 03:45,26180.2,181,97,84
2020.06.23 03:55,26145.2,166,90,76
2020.06.23 04:00,26169.7,173,91,82
2020.06.23 05:00,26125.2,177,91,86
2020.06.23 05:05,25972.2,108,52,56
2020.06.23 06:40,26033.2,101,63,38
2020.06.23 07:55,26084.2,159,79,80
2020.06.23 09:20,26087.3,158,75,83
2020.06.23 09:35,26094.3,171,90,81
2020.06.23 09:40,26059.3,130,67,63
2020.06.23 09:55,26126.3,162,85,77
2020.06.23 10:05,26056.8,128,69,59
2020.06.23 10:45,26202.3,199,101,98
2020.06.23 11:05,26312.3,150,63,87
2020.06.23 11:20,26242.3,206,93,113
2020.06.23 11:40,26284.8,173,84,89
2020.06.23 12:00,26221.8,198,102,96
2020.06.23 12:05,26247.3,192,93,99
2020.06.23 13:00,26261.3,166,81,85
2020.06.23 13:15,26350.3,140,85,55
2020.06.23 14:25,26340.8,123,66,57
2020.06.23 14:30,26322.3,132,59,73
2020.06.23 14:40,26348.3,133,77,56
2020.06.23 15:15,26421.3,191,98,93
2020.06.23 15:30,26371.3,184,89,95
2020.06.23 16:30,26216.4,195,108,87
2020.06.23 16:40,26316.9,138,59,79
2020.06.23 17:15,26239.4,194,87,107
2020.06.23 17:20,26183.9,184,91,93
2020.06.23 18:35,26247.4,185,90,95
2020.06.23 18:40,26269.4,146,76,70
2020.06.23 18:50,26198.9,190,97,93
2020.06.23 20:20,26305.0,157,73,84
2020.06.23 20:30,26273.0,140,78,62
2020.06.23 21:35,26294.5,165,92,73
2020.06.23 21:50,26210.5,182,91,91
2020.06.23 21:55,26255.5,139,63,76
2020.06.23 22:15,26272.0,126,71,55
2020.06.23 22:30,26180.5,175,91,84
2020.06.23 22:35,26244.5,161,73,88
2020.06.23 23:20,26140.0,164,82,82
2020.06.23 23:25,26145.9,151,79,72
2020.06.24 00:25,26125.8,159,83,76
2020.06.24 00:45,26127.8,157,83,74
2020.06.24 01:05,26144.3,152,82,70
2020.06.24 01:15,26087.8,150,75,75
2020.06.24 01:25,26154.3,157,81,76
2020.06.24 02:15,26051.8,137,75,62
2020.06.24 02:40,26140.8,155,79,76
2020.06.24 03:25,26198.3,183,97,86
2020.06.24 03:30,26165.8,155,74,81
2020.06.24 03:35,26198.8,184,94,90
2020.06.24 03:50,26216.3,172,92,80
2020.06.24 04:20,26215.8,176,94,82
2020.06.24 05:00,26054.8,131,72,59
2020.06.24 05:45,26132.8,143,74,69
2020.06.24 05:50,26159.8,153,78,75
2020.06.24 05:55,26132.8,142,73,69
2020.06.24 06:35,26116.3,155,74,81
2020.06.24 06:45,26151.8,140,72,68
2020.06.24 06:50,26133.8,136,66,70
2020.06.24 09:00,26132.4,141,71,70
2020.06.24 09:20,26108.9,164,87,77
2020.06.24 09:45,26199.4,169,86,83
2020.06.24 10:55,26047.4,127,74,53
2020.06.24 11:15,25834.9,107,57,50
2020.06.24 11:35,25936.9,134,65,69
2020.06.24 11:40,25906.4,159,76,83
2020.06.24 12:00,25986.4,77,40,37
2020.06.24 12:20,25803.9,95,48,47
2020.06.24 12:35,25894.4,126,63,63
2020.06.24 12:40,25845.4,96,48,48
2020.06.24 13:05,25904.9,153,84,69
2020.06.24 13:20,25911.4,150,74,76
2020.06.24 13:25,25865.4,115,62,53
2020.06.24 14:20,25957.4,113,53,60
2020.06.24 14:50,25945.4,116,58,58
2020.06.24 15:05,25899.4,128,70,58
2020.06.24 16:00,26007.4,79,41,38
2020.06.24 17:15,25694.4,136,71,65
2020.06.24 17:25,25811.9,94,51,43
2020.06.24 17:40,25634.4,106,50,56
2020.06.24 17:45,25686.4,141,67,74
2020.06.24 18:20,25487.9,122,62,60
2020.06.24 19:10,25387.4,64,33,31
2020.06.24 19:20,25510.9,120,66,54
2020.06.24 19:45,25546.0,119,59,60
2020.06.24 19:50,25494.5,117,57,60
2020.06.24 21:50,25419.0,65,33,32
2020.06.24 22:20,25617.4,110,54,56
2020.06.24 22:35,25472.4,104,54,50
2020.06.24 22:45,25604.4,94,54,40
2020.06.24 22:55,25424.4,66,33,33
2020.06.24 23:45,25496.2,103,50,53
2020.06.24 23:55,25534.2,101,51,50
2020.06.25 00:05,25519.9,106,60,46
2020.06.25 00:10,25524.9,106,54,52
2020.06.25 01:25,25551.2,107,53,54
2020.06.25 01:40,25533.2,99,50,49
2020.06.25 02:05,25483.7,88,43,45
2020.06.25 02:10,25449.2,78,38,40
2020.06.25 02:15,25481.2,84,35,49
2020.06.25 02:30,25477.2,92,49,43
2020.06.25 02:45,25475.2,88,49,39
2020.06.25 03:05,25509.7,86,45,41
2020.06.25 03:10,25457.7,69,37,32
2020.06.25 03:30,25578.2,85,39,46
2020.06.25 03:40,25519.7,90,52,38
2020.06.25 05:10,25277.7,30,21,9
2020.06.25 05:40,25394.2,52,26,26
2020.06.25 06:35,25318.7,25,10,15
2020.06.25 07:45,25312.2,22,9,13
2020.06.25 08:35,25426.7,62,33,29
2020.06.25 08:40,25369.7,32,14,18
2020.06.25 08:45,25398.7,41,24,17
2020.06.25 08:50,25360.2,33,16,17
2020.06.25 09:00,25448.3,66,33,33
2020.06.25 09:25,25344.3,31,16,15
2020.06.25 10:30,25242.3,23,11,12
2020.06.25 10:50,25147.3,52,27,25
2020.06.25 12:05,25518.3,90,49,41
2020.06.25 12:10,25458.8,64,32,32
2020.06.25 12:45,25398.3,30,20,10
2020.06.25 14:05,25399.3,26,17,9
2020.06.25 14:10,25434.3,47,25,22
2020.06.25 14:45,25245.3,19,11,8
2020.06.25 15:10,25325.3,9,5,4
2020.06.25 15:20,25254.8,14,10,4
2020.06.25 15:25,25322.3,11,5,6
2020.06.25 15:30,25215.3,40,19,21
2020.06.25 15:35,25393.3,24,15,9
2020.06.25 15:45,25240.3,19,8,11
2020.06.25 15:50,25326.8,8,5,3
2020.06.25 16:15,25410.8,26,17,9
2020.06.25 16:35,25401.4,23,17,6
2020.06.25 16:45,25205.4,41,14,27
2020.06.25 17:25,25587.4,81,46,35
2020.06.25 18:40,25328.4,3,2,1
2020.06.25 19:05,25523.9,84,49,35
2020.06.25 19:10,25477.4,68,36,32
2020.06.25 19:20,25552.4,98,52,46
2020.06.25 19:35,25469.9,63,34,29
2020.06.25 20:10,25463.0,51,28,23
2020.06.25 20:20,25528.0,80,41,39
2020.06.25 20:30,25452.0,46,26,20
2020.06.25 20:45,25533.5,79,43,36
2020.06.25 21:15,25507.0,62,33,29
2020.06.25 21:35,25390.0,12,8,4
2020.06.25 23:05,25787.9,91,50,41
2020.06.25 23:20,25716.0,128,62,66
2020.06.25 23:25,25728.3,142,65,77
2020.06.25 23:55,25710.4,127,57,70
2020.06.26 00:00,25694.3,130,70,60
2020.06.26 00:05,25699.8,132,75,57
2020.06.26 01:15,25634.4,96,44,52
2020.06.26 01:25,25684.9,134,64,70
2020.06.26 01:45,25638.9,98,51,47
2020.06.26 01:55,25693.4,127,75,52
2020.06.26 02:05,25661.9,112,56,56
2020.06.26 02:35,25717.4,132,69,63
2020.06.26 03:35,25575.4,82,39,43
2020.06.26 04:05,25663.9,116,61,55
2020.06.26 04:55,25713.4,125,58,67
2020.06.26 05:30,25643.9,100,56,44
2020.06.26 05:35,25626.4,90,41,49
2020.06.26 05:50,25666.4,115,61,54
2020.06.26 06:00,25627.9,91,44,47
2020.06.26 06:05,25653.4,100,50,50
2020.06.26 06:50,25658.9,94,45,49
2020.06.26 07:25,25779.4,84,45,39
2020.06.26 07:55,25706.4,124,55,69
2020.06.26 08:35,25696.9,122,68,54
2020.06.26 08:45,25741.4,99,40,59
2020.06.26 09:45,25638.5,79,43,36
2020.06.26 10:20,25538.5,82,47,35
2020.06.26 11:55,25582.5,75,39,36
2020.06.26 12:05,25548.0,83,43,40
2020.06.26 12:40,25629.0,75,36,39
2020.06.26 12:45,25656.5,89,41,48
2020.06.26 13:05,25695.0,115,64,51
2020.06.26 13:10,25661.0,93,45,48
2020.06.26 13:15,25686.0,109,52,57
2020.06.26 13:20,25646.0,89,52,37
2020.06.26 13:50,25662.5,94,46,48
2020.06.26 14:05,25750.0,99,48,51
2020.06.26 14:40,25685.0,101,52,49
2020.06.26 15:30,25630.0,69,34,35
2020.06.26 15:55,25510.0,55,30,25
2020.06.26 16:45,25413.6,15,7,8
2020.06.26 17:45,25232.8,17,6,11
2020.06.26 18:30,25146.8,47,21,26
2020.06.26 18:55,25240.8,9,2,7
2020.06.26 19:20,25050.8,44,21,23
2020.06.26 19:25,25167.8,35,14,21
2020.06.26 19:30,25114.3,23,11,12
2020.06.26 19:40,25170.2,33,13,20
2020.06.26 19:45,25096.7,34,14,20
2020.06.26 20:05,25244.2,8,3,5
2020.06.26 21:35,25024.2,39,22,17
2020.06.26 21:40,25071.7,39,13,26
2020.06.26 21:45,24990.7,19,12,7
2020.06.26 22:00,25099.2,29,10,19
2020.06.26 22:05,25006.2,27,14,13
2020.06.26 22:35,24970.2,12,6,6
2020.06.26 22:45,25137.7,30,15,15
2020.06.26 22:55,25006.2,21,11,10
2020.06.26 23:05,25131.0,27,18,9
2020.06.26 23:45,25066.0,26,10,16
2020.06.29 01:40,24989.5,15,9,6
2020.06.29 01:45,24949.5,7,3,4
2020.06.29 02:05,24932.5,2,1,1
2020.06.29 02:15,24976.5,9,8,1
2020.06.29 02:45,25051.5,22,11,11
2020.06.29 03:00,24973.0,5,4,1
2020.06.29 03:10,25042.0,19,10,9
2020.06.29 03:20,24958.5,0,0,0
2020.06.29 03:30,25025.0,18,11,7
2020.06.29 03:35,24965.5,0,0,0
2020.06.29 04:15,25175.5,29,13,16
2020.06.29 04:20,25123.5,20,11,9
2020.06.29 04:35,25109.0,17,7,10
2020.06.29 05:05,25137.5,23,10,13
2020.06.29 05:45,25153.5,22,11,11
2020.06.29 05:55,25072.0,26,9,17
2020.06.29 06:00,25129.5,16,10,6
2020.06.29 06:50,25007.5,11,5,6
2020.06.29 07:05,25083.0,18,12,6
2020.06.29 07:15,25008.5,10,4,6
2020.06.29 07:20,25052.0,14,6,8
2020.06.29 07:25,25022.5,9,5,4
2020.06.29 07:30,25056.5,13,6,7
2020.06.29 07:40,24973.0,1,1,0
2020.06.29 07:45,25012.5,9,4,5
2020.06.29 07:50,24979.0,1,1,0
2020.06.29 09:30,25118.1,13,8,5
2020.06.29 09:35,25056.6,5,2,3
2020.06.29 09:40,25107.6,12,7,5
2020.06.29 10:55,25135.6,14,8,6
2020.06.29 11:55,25164.6,14,9,5
2020.06.29 12:05,25106.1,3,3,0
2020.06.29 12:20,25158.6,11,7,4
2020.06.29 12:50,25216.6,16,9,7
2020.06.29 13:25,25179.6,12,8,4
2020.06.29 14:05,25158.1,3,1,2
2020.06.29 14:10,25195.6,11,6,5
2020.06.29 14:15,25169.6,3,2,1
2020.06.29 14:55,25319.6,1,1,0
2020.06.29 15:40,25181.1,6,5,1
2020.06.29 15:50,25219.6,5,3,2
2020.06.29 15:55,25165.6,2,1,1
2020.06.29 16:00,25214.1,6,4,2
2020.06.29 16:40,25093.2,0,0,0
2020.06.29 17:50,25475.5,44,23,21
2020.06.29 18:15,25354.0,0,0,0
2020.06.29 18:30,25473.5,47,25,22
2020.06.29 18:35,25416.0,9,4,5
2020.06.29 18:55,25373.0,0,0,0
2020.06.29 19:50,25500.0,51,32,19
2020.06.29 20:00,25438.0,14,9,5
2020.06.29 20:40,25536.5,73,41,32
2020.06.29 20:55,25486.5,36,17,19
2020.06.29 21:00,25519.5,54,34,20
2020.06.29 21:35,25471.0,36,17,19
2020.06.29 21:50,25449.0,20,13,7
2020.06.29 21:55,25491.5,28,20,8
2020.06.29 22:10,25415.5,1,1,0
2020.06.29 22:35,25519.0,54,34,20
2020.06.29 22:45,25425.0,2,1,1
2020.06.30 00:05,25604.3,61,34,27
2020.06.30 00:30,25636.1,62,32,30
2020.06.30 00:35,25624.1,58,28,30
2020.06.30 00:40,25628.3,61,30,31
2020.06.30 00:45,25622.2,59,28,31
2020.06.30 00:55,25638.9,64,37,27
2020.06.30 01:00,25595.3,61,33,28
2020.06.30 01:20,25686.3,100,49,51
2020.06.30 01:25,25669.8,102,52,50
2020.06.30 01:50,25734.3,117,57,60
2020.06.30 02:25,25687.8,100,50,50
2020.06.30 02:35,25734.3,116,57,59
2020.06.30 03:35,25610.3,66,30,36
2020.06.30 03:45,25666.3,89,49,40
2020.06.30 04:40,25705.8,106,48,58
2020.06.30 05:25,25682.3,92,49,43
2020.06.30 05:30,25660.3,70,32,38
2020.06.30 05:35,25683.8,93,51,42
2020.06.30 06:05,25636.3,51,26,25
2020.06.30 06:25,25694.8,100,57,43
2020.06.30 07:15,25676.3,91,44,47
2020.06.30 07:20,25688.3,89,45,44
2020.06.30 08:10,25717.8,112,60,52
2020.06.30 08:40,25571.8,70,28,42
2020.06.30 08:45,25628.3,46,23,23
2020.06.30 09:15,25505.9,44,26,18
2020.06.30 09:50,25542.9,72,36,36
2020.06.30 10:10,25508.9,41,22,19
2020.06.30 10:15,25575.9,55,24,31
2020.06.30 10:45,25507.9,40,19,21
2020.06.30 10:55,25554.4,70,37,33
2020.06.30 11:15,25512.9,38,21,17
2020.06.30 11:20,25476.4,25,7,18
2020.06.30 11:25,25518.9,45,27,18
2020.06.30 11:55,25493.4,18,14,4
2020.06.30 12:05,25430.9,5,3,2
2020.06.30 12:40,25511.4,31,19,12
2020.06.30 12:45,25543.4,61,33,28
2020.06.30 12:50,25503.4,29,20,9
2020.06.30 13:55,25571.4,53,23,30
2020.06.30 15:45,25535.9,50,30,20
2020.06.30 16:00,25552.9,54,28,26
2020.06.30 16:10,25483.4,11,5,6
2020.06.30 16:35,25600.0,47,29,18
2020.06.30 16:40,25496.0,13,9,4
2020.06.30 16:45,25582.0,46,24,22
2020.06.30 16:50,25468.5,16,8,8
2020.06.30 17:15,25526.5,30,16,14
2020.06.30 17:35,25530.7,33,19,14
2020.06.30 18:05,25705.2,105,48,57
2020.06.30 18:10,25641.2,48,28,20
2020.06.30 18:20,25695.7,93,51,42
2020.06.30 18:40,25579.2,37,17,20
2020.06.30 20:15,25505.9,15,6,9
2020.06.30 20:40,25514.9,17,8,9
2020.06.30 20:55,25581.9,34,21,13
2020.06.30 22:05,25568.4,29,13,16
2020.06.30 22:50,25903.8,126,70,56
2020.06.30 23:05,25744.7,91,42,49
2020.06.30 23:20,25771.9,83,41,42
2020.06.30 23:50,25796.7,87,42,45
2020.07.01 01:15,25802.7,84,49,35
2020.07.01 02:00,25751.7,92,45,47
2020.07.01 02:25,25797.2,85,43,42
2020.07.01 03:10,25739.2,95,40,55
2020.07.01 03:25,25715.2,106,52,54
2020.07.01 03:40,25774.7,65,33,32
2020.07.01 03:45,25742.2,87,37,50
2020.07.01 04:00,25739.7,90,37,53
2020.07.01 04:50,25736.2,95,40,55
2020.07.01 05:15,25732.2,101,50,51
2020.07.01 06:15,25756.2,65,35,30
2020.07.01 06:55,25740.7,71,28,43
2020.07.01 07:00,25761.7,68,37,31
2020.07.01 08:05,25730.2,96,43,53
2020.07.01 08:50,25640.2,41,24,17
2020.07.01 08:55,25677.2,63,36,27
2020.07.01 09:55,25741.3,65,25,40
2020.07.01 10:10,25705.8,92,42,50
2020.07.01 11:05,25812.8,86,51,35
2020.07.01 11:45,25751.3,63,29,34
2020.07.01 13:00,25692.3,80,49,31
2020.07.01 13:10,25755.3,52,26,26
2020.07.01 14:05,25542.3,28,15,13
2020.07.01 14:35,25510.3,12,5,7
2020.07.01 15:05,25574.8,23,11,12
2020.07.01 16:05,25937.3,112,54,58
2020.07.01 16:20,25849.3,86,38,48
2020.07.01 16:35,26022.4,73,42,31
2020.07.01 16:55,25834.9,95,51,44
2020.07.01 17:15,25974.7,97,45,52
2020.07.01 17:30,25961.7,98,50,48
2020.07.01 17:50,25790.2,66,35,31
2020.07.01 19:05,25798.7,70,37,33
2020.07.01 20:25,25844.6,72,41,31
2020.07.01 20:30,25806.6,61,33,28
2020.07.01 20:35,25840.1,79,44,35
2020.07.01 21:45,25762.1,51,23,28
2020.07.01 22:05,25836.6,73,42,31
2020.07.01 22:25,25856.3,82,50,32
2020.07.01 22:35,25798.8,55,28,27
2020.07.01 23:20,25672.3,48,24,24
2020.07.01 23:40,25713.4,80,35,45
2020.07.02 01:40,25728.9,75,34,41
2020.07.02 02:10,25743.9,52,22,30
2020.07.02 03:05,25730.4,69,33,36
2020.07.02 03:30,25658.4,32,11,21
2020.07.02 04:25,25705.4,69,32,37
2020.07.02 04:30,25674.9,34,18,16
2020.07.02 04:50,25736.9,54,22,32
2020.07.02 05:05,25733.4,66,31,35
2020.07.02 05:10,25714.9,64,28,36
2020.07.02 05:15,25737.4,54,23,31
2020.07.02 05:20,25723.9,59,23,36
2020.07.02 06:00,25775.9,38,22,16
2020.07.02 06:15,25749.9,51,25,26
2020.07.02 08:15,25703.9,64,30,34
2020.07.02 08:25,25742.9,37,17,20
2020.07.02 10:05,25793.0,48,23,25
2020.07.02 10:10,25844.0,69,43,26
2020.07.02 10:30,25798.5,45,22,23
2020.07.02 11:00,25946.0,97,51,46
2020.07.02 11:05,25898.0,100,53,47
2020.07.02 12:35,25893.0,102,50,52
2020.07.02 12:40,25911.0,114,57,57
2020.07.02 13:00,25927.0,92,48,44
2020.07.02 13:05,25896.0,95,49,46
2020.07.02 14:20,25979.5,73,35,38
2020.07.02 14:50,25944.0,89,47,42
2020.07.02 14:55,25959.0,82,42,40
2020.07.02 15:25,25915.5,100,54,46
2020.07.02 16:00,26170.0,133,72,61
2020.07.02 16:20,26140.5,130,64,66
2020.07.02 16:50,26193.1,160,83,77
2020.07.02 16:55,26152.1,123,64,59
2020.07.02 17:40,26025.5,73,43,30
2020.07.02 18:00,25846.5,71,39,32
2020.07.02 18:05,25914.5,101,54,47
2020.07.02 18:55,25995.0,65,37,28
2020.07.02 19:10,25976.5,74,33,41
2020.07.02 19:15,25927.5,89,45,44
2020.07.02 19:30,25985.5,61,35,26
2020.07.02 19:50,26000.4,68,42,26
2020.07.02 20:35,25955.4,64,25,39
2020.07.02 20:50,26027.4,80,52,28
2020.07.02 21:35,26042.4,118,71,47
2020.07.02 22:20,25962.3,56,31,25
2020.07.02 22:55,25775.3,33,17,16
2020.07.02 23:20,25863.2,80,46,34
2020.07.02 23:35,25850.1,60,28,32
2020.07.02 23:40,25871.1,86,41,45
2020.07.03 00:05,25844.9,62,36,26
2020.07.03 00:10,25849.8,57,27,30
2020.07.03 01:40,25906.6,106,49,57
2020.07.03 02:05,25900.1,88,51,37
2020.07.03 03:35,25842.6,59,35,24
2020.07.03 03:55,25889.6,88,43,45
2020.07.03 04:20,25911.1,97,48,49
2020.07.03 04:40,25829.6,55,33,22
2020.07.03 05:00,25839.6,59,35,24
2020.07.03 05:10,25877.6,77,43,34
2020.07.03 05:30,25832.1,55,29,26
2020.07.03 05:35,25862.1,52,33,19
2020.07.03 06:10,25842.6,50,29,21
2020.07.03 06:15,25826.1,49,28,21
2020.07.03 06:25,25861.1,51,33,18
2020.07.03 06:30,25849.1,38,17,21
2020.07.03 07:15,25819.1,41,22,19
2020.07.03 07:45,25829.6,45,24,21
2020.07.03 07:55,25850.1,33,16,17
2020.07.03 08:10,25813.6,37,20,17
2020.07.03 08:15,25832.6,41,21,20
2020.07.03 09:30,26000.7,59,39,20
2020.07.03 09:50,25936.2,75,34,41
2020.07.03 10:00,25984.7,45,26,19
2020.07.03 11:05,25932.2,71,36,35
2020.07.03 11:30,25857.2,34,22,12
2020.07.03 11:35,25891.7,81,40,41
2020.07.03 11:40,25870.7,57,34,23
2020.07.03 13:35,25839.2,32,20,12
2020.07.03 13:55,25847.7,30,17,13
2020.07.03 14:00,25820.7,31,17,14
2020.07.03 14:40,25779.7,34,18,16
2020.07.03 15:05,25769.2,37,16,21
2020.07.03 15:20,25813.2,28,16,12
2020.07.03 15:25,25798.7,32,14,18
2020.07.03 17:00,25836.3,26,17,9
2020.07.03 17:15,25827.3,29,16,13
2020.07.03 17:45,25638.8,31,17,14
2020.07.03 19:10,25725.3,44,13,31
2020.07.03 20:15,25746.8,32,13,19
2020.07.03 21:40,25778.8,20,11,9
2020.07.03 22:00,25785.0,17,6,11
2020.07.03 22:10,25783.9,17,7,10
2020.07.03 22:15,25784.7,18,7,11
2020.07.03 22:40,25801.4,16,6,10
2020.07.06 01:20,25866.6,49,30,19
2020.07.06 01:45,25943.1,61,31,30
2020.07.06 02:30,25927.6,69,39,30
2020.07.06 02:35,25898.1,64,33,31
2020.07.06 03:30,25952.1,55,21,34
2020.07.06 03:40,25983.1,42,25,17
2020.07.06 03:50,25956.1,49,19,30
2020.07.06 04:30,26099.1,139,64,75
2020.07.06 04:35,26066.6,117,60,57
2020.07.06 04:50,26120.6,122,64,58
2020.07.06 04:55,26093.1,134,65,69
2020.07.06 05:10,26134.1,116,59,57
2020.07.06 05:15,26145.6,107,58,49
2020.07.06 05:30,26095.1,134,67,67
2020.07.06 05:45,26138.6,121,59,62
2020.07.06 05:50,26118.1,126,62,64
2020.07.06 06:00,26152.1,120,64,56
2020.07.06 07:05,26223.1,166,88,78
2020.07.06 08:00,26270.1,129,68,61
2020.07.06 08:25,26211.6,157,79,78
2020.07.06 08:30,26237.1,158,75,83
2020.07.06 09:00,26268.7,127,65,62
2020.07.06 09:20,26246.2,150,66,84
2020.07.06 09:50,26260.2,133,68,65
2020.07.06 10:05,26207.7,147,75,72
2020.07.06 10:30,26252.7,123,59,64
2020.07.06 10:40,26317.7,136,58,78
2020.07.06 10:45,26273.7,135,74,61
2020.07.06 11:30,26296.7,157,78,79
2020.07.06 11:40,26222.7,143,75,68
2020.07.06 11:45,26260.7,125,66,59
2020.07.06 12:10,26155.2,120,62,58
2020.07.06 13:55,26263.7,124,64,60
2020.07.06 14:05,26218.7,135,69,66
2020.07.06 14:30,26238.7,132,63,69
2020.07.06 14:35,26204.7,146,76,70
2020.07.06 15:10,26274.7,128,71,57
2020.07.06 15:35,26296.2,151,77,74
2020.07.06 15:55,26279.2,127,72,55
2020.07.06 16:05,26243.7,132,61,71
2020.07.06 16:10,26271.2,106,61,45
2020.07.06 17:25,26080.8,123,65,58
2020.07.06 17:50,26219.8,126,68,58
2020.07.06 18:30,26171.8,115,60,55
2020.07.06 18:45,26227.8,134,79,55
2020.07.06 19:05,26136.8,109,57,52
2020.07.06 19:20,26135.8,108,58,50
2020.07.06 19:25,26171.3,114,60,54
2020.07.06 19:35,26148.2,95,48,47
2020.07.06 19:45,26176.3,123,65,58
2020.07.06 19:50,26157.3,105,50,55
2020.07.06 20:00,26179.8,120,66,54
2020.07.06 20:15,26141.3,104,54,50
2020.07.06 20:55,26241.3,126,55,71
2020.07.06 21:20,26147.8,95,47,48
2020.07.06 21:35,26211.8,126,64,62
2020.07.06 21:50,26150.3,92,46,46
2020.07.06 21:55,26192.3,130,67,63
2020.07.06 22:15,26155.8,99,47,52
2020.07.06 22:55,26297.5,149,71,78
2020.07.06 23:00,26258.3,102,53,49
2020.07.06 23:10,26313.8,137,60,77
2020.07.06 23:25,26281.0,121,66,55
2020.07.07 00:15,26282.1,114,62,52
2020.07.07 00:55,26303.1,154,75,79
2020.07.07 01:15,26252.8,105,52,53
2020.07.07 01:20,26266.8,97,49,48
2020.07.07 01:25,26249.8,119,50,69
2020.07.07 02:10,26289.8,114,68,46
2020.07.07 02:45,26336.3,117,57,60
2020.07.07 02:50,26353.3,149,90,59
2020.07.07 03:30,26361.8,188,102,86
2020.07.07 03:40,26392.3,161,75,86
2020.07.07 03:45,26368.8,176,84,92
2020.07.07 04:25,26257.8,99,50,49
2020.07.07 04:30,26294.3,132,81,51
2020.07.07 05:05,26213.3,116,63,53
2020.07.07 05:15,26185.3,113,57,56
2020.07.07 05:20,26215.8,117,63,54
2020.07.07 05:30,26155.8,98,46,52
2020.07.07 05:40,26222.3,114,64,50
2020.07.07 06:00,26209.8,108,55,53
2020.07.07 06:05,26185.8,110,56,54
2020.07.07 06:50,26220.8,108,61,47
2020.07.07 06:55,26232.8,128,63,65
2020.07.07 07:15,26182.3,101,56,45
2020.07.07 07:50,26229.8,124,73,51
2020.07.07 08:35,26189.8,106,57,49
2020.07.07 08:50,26152.8,91,46,45
2020.07.07 09:20,26128.9,104,53,51
2020.07.07 10:10,26080.9,124,66,58
2020.07.07 10:15,26116.9,122,61,61
2020.07.07 10:25,26028.4,79,53,26
2020.07.07 11:00,26105.9,139,61,78
2020.07.07 11:05,26074.4,107,58,49
2020.07.07 11:45,26073.9,109,59,50
2020.07.07 12:15,26021.9,64,38,26
2020.07.07 12:25,25982.4,43,23,20
2020.07.07 12:40,26032.4,82,54,28
2020.07.07 12:50,25983.9,40,23,17
2020.07.07 13:05,26030.9,74,51,23
2020.07.07 13:55,26018.4,54,31,23
2020.07.07 14:00,26043.9,107,63,44
2020.07.07 14:05,26011.9,59,34,25
2020.07.07 14:45,26118.9,115,58,57
2020.07.07 14:55,26088.4,119,57,62
2020.07.07 15:05,26117.4,118,58,60
2020.07.07 16:40,26045.0,104,58,46
2020.07.07 17:45,26054.0,100,53,47
2020.07.07 17:55,26127.5,91,50,41
2020.07.07 18:05,26086.5,106,42,64
2020.07.07 18:20,26163.0,89,39,50
2020.07.07 18:50,26144.0,81,50,31
2020.07.07 19:15,26070.5,85,44,41
2020.07.07 19:20,26094.0,98,46,52
2020.07.07 19:25,26060.5,92,47,45
2020.07.07 19:30,26089.5,96,45,51
2020.07.07 19:40,26046.0,102,55,47
2020.07.07 20:00,26103.5,110,50,60
2020.07.07 21:05,26087.4,93,40,53
2020.07.07 21:10,26112.9,97,50,47
2020.07.07 21:35,26021.4,52,30,22
2020.07.07 22:55,25866.2,48,29,19
2020.07.07 23:35,25900.5,67,39,28
2020.07.08 00:35,25908.1,77,39,38
2020.07.08 00:40,25900.5,61,35,26
2020.07.08 01:15,25944.5,55,26,29
2020.07.08 01:35,25899.0,59,32,27
2020.07.08 01:55,25904.5,70,42,28
2020.07.08 02:50,25955.0,48,18,30
2020.07.08 03:00,25895.0,53,28,25
2020.07.08 03:50,25930.5,52,30,22
2020.07.08 04:15,25999.5,40,26,14
2020.07.08 05:00,25898.0,52,27,25
2020.07.08 05:10,25957.0,37,16,21
2020.07.08 05:25,25926.0,49,23,26
2020.07.08 06:10,25997.5,32,20,12
2020.07.08 07:20,25926.5,46,22,24
2020.07.08 07:40,25849.5,27,15,12
2020.07.08 07:45,25878.5,53,26,27
2020.07.08 07:50,25858.0,31,21,10
2020.07.08 08:15,25915.5,60,27,33
2020.07.08 08:30,25858.5,33,23,10
2020.07.08 09:25,25836.6,23,16,7
2020.07.08 09:30,25811.6,15,8,7
2020.07.08 09:40,25904.1,61,37,24
2020.07.08 10:35,25993.1,30,20,10
2020.07.08 10:40,25946.6,31,13,18
2020.07.08 10:45,25998.6,32,20,12
2020.07.08 11:25,25966.1,13,8,5
2020.07.08 11:30,25896.1,42,24,18
2020.07.08 12:35,25868.1,30,17,13
2020.07.08 13:05,25849.1,17,11,6
2020.07.08 13:10,25811.1,10,4,6
2020.07.08 13:15,25857.1,20,14,6
2020.07.08 13:20,25825.1,11,5,6
2020.07.08 13:25,25859.1,22,17,5
2020.07.08 13:30,25837.1,10,7,3
2020.07.08 14:25,25874.6,32,16,16
2020.07.08 15:05,25915.1,46,20,26
2020.07.08 15:10,25933.6,27,14,13
2020.07.08 15:15,25891.6,40,19,21
2020.07.08 15:55,25930.6,29,15,14
2020.07.08 16:55,26103.2,100,48,52
2020.07.08 17:45,25979.8,14,9,5
2020.07.08 18:45,25931.8,21,11,10
2020.07.08 19:00,25888.8,33,11,22
2020.07.08 19:50,25894.8,24,10,14
2020.07.08 20:00,25944.9,10,6,4
2020.07.08 20:25,25822.9,8,2,6
2020.07.08 20:55,25850.4,10,7,3
2020.07.08 22:40,26025.6,41,29,12
2020.07.08 23:25,26081.4,76,42,34
2020.07.08 23:55,26099.6,83,37,46
2020.07.09 00:20,26113.4,95,49,46
2020.07.09 00:30,26108.0,99,48,51
2020.07.09 00:55,26111.1,92,47,45
2020.07.09 01:10,26142.6,84,48,36
2020.07.09 02:45,26138.6,83,44,39
2020.07.09 03:25,26073.6,65,32,33
2020.07.09 03:40,26122.6,75,44,31
2020.07.09 04:40,26078.1,64,39,25
2020.07.09 05:15,26069.6,57,32,25
2020.07.09 05:55,26068.6,55,31,24
2020.07.09 06:05,26029.1,44,33,11
2020.07.09 07:15,26120.6,74,43,31
2020.07.09 07:25,26087.6,76,35,41
2020.07.09 08:20,26035.6,53,34,19
2020.07.09 08:25,26059.6,53,26,27
2020.07.09 08:35,26029.1,43,32,11
2020.07.09 08:40,26064.1,49,25,24
2020.07.09 09:00,26059.7,51,26,25
2020.07.09 09:15,25983.7,16,11,5
2020.07.09 09:45,26048.2,64,35,29
2020.07.09 10:00,26075.2,54,30,24
2020.07.09 11:15,26078.7,59,33,26
2020.07.09 12:05,26040.7,45,29,16
2020.07.09 12:10,26059.2,40,22,18
2020.07.09 12:45,26058.7,41,23,18
2020.07.09 13:00,26011.7,23,16,7
2020.07.09 13:55,25986.7,14,7,7
2020.07.09 14:00,26014.2,17,14,3
2020.07.09 14:10,25999.2,11,6,5
2020.07.09 14:35,26064.2,39,22,17
2020.07.09 14:50,26037.2,28,21,7
2020.07.09 14:55,26061.7,36,21,15
2020.07.09 15:10,26020.2,15,9,6
2020.07.09 15:45,26108.7,76,41,35
2020.07.09 16:15,26062.2,35,19,16
2020.07.09 16:45,25921.3,13,7,6
2020.07.09 17:00,26000.3,10,8,2
2020.07.09 18:10,25668.7,19,10,9
2020.07.09 18:20,25518.7,20,10,10
2020.07.09 18:35,25638.2,27,16,11
2020.07.09 18:40,25528.7,19,10,9
2020.07.09 19:05,25733.7,32,15,17
2020.07.09 19:30,25664.7,15,8,7
2020.07.09 20:15,25778.9,16,9,7
2020.07.09 20:25,25724.9,32,10,22
2020.07.09 22:00,25787.4,16,8,8
2020.07.09 22:15,25815.4,7,3,4
2020.07.09 22:35,25611.6,21,9,12
2020.07.09 22:55,25665.1,12,6,6
2020.07.09 23:50,25714.4,28,11,17
2020.07.10 00:20,25696.3,20,11,9
2020.07.10 00:40,25695.3,19,10,9
2020.07.10 01:05,25738.4,12,5,7
2020.07.10 01:10,25712.9,25,9,16
2020.07.10 01:30,25735.4,12,5,7
2020.07.10 02:10,25727.4,16,5,11
2020.07.10 02:15,25717.4,19,6,13
2020.07.10 04:20,25641.4,22,11,11
2020.07.10 04:30,25698.4,19,12,7
2020.07.10 04:40,25658.4,11,4,7
2020.07.10 04:55,25719.4,11,3,8
2020.07.10 05:00,25683.9,9,4,5
2020.07.10 05:05,25716.4,12,4,8
2020.07.10 05:15,25686.9,9,5,4
2020.07.10 05:20,25713.9,13,4,9
2020.07.10 05:45,25625.4,14,6,8
2020.07.10 05:50,25653.4,15,6,9
2020.07.10 05:55,25633.4,17,8,9
2020.07.10 06:20,25610.9,20,8,12
2020.07.10 06:35,25652.4,11,4,7
2020.07.10 06:50,25655.9,8,3,5
2020.07.10 06:55,25640.9,12,4,8
2020.07.10 07:00,25656.9,7,3,4
2020.07.10 07:25,25595.4,13,8,5
2020.07.10 07:40,25622.4,9,3,6
2020.07.10 08:45,25487.4,9,6,3
2020.07.10 08:50,25458.4,10,6,4
2020.07.10 09:05,25512.0,11,6,5
2020.07.10 09:20,25425.5,2,1,1
2020.07.10 09:40,25483.0,4,1,3
2020.07.10 09:50,25415.5,0,0,0
2020.07.10 10:30,25536.0,17,10,7
2020.07.10 11:15,25641.0,8,4,4
2020.07.10 11:20,25595.0,8,4,4
2020.07.10 11:25,25623.0,7,3,4
2020.07.10 11:35,25557.0,18,7,11
2020.07.10 12:10,25485.0,0,0,0
2020.07.10 12:40,25563.0,12,6,6
2020.07.10 12:45,25533.5,4,2,2
2020.07.10 13:20,25534.0,4,2,2
2020.07.10 14:35,25585.0,2,1,1
2020.07.10 14:40,25609.0,1,1,0
2020.07.10 15:10,25487.0,0,0,0
2020.07.10 16:05,25741.5,7,3,4
2020.07.10 16:10,25680.0,4,2,2
2020.07.10 16:45,25841.6,6,5,1
2020.07.10 17:15,25801.0,1,1,0
2020.07.10 17:20,25719.5,0,0,0
2020.07.10 18:00,25815.5,0,0,0
2020.07.10 18:30,25835.0,0,0,0
2020.07.10 19:30,25858.5,1,1,0
2020.07.10 19:55,25937.0,1,1,0
2020.07.10 21:05,26005.9,11,10,1
2020.07.10 21:20,25960.9,0,0,0
2020.07.10 21:45,26028.9,17,15,2
2020.07.10 22:00,25974.9,0,0,0
2020.07.10 22:20,26065.3,34,20,14
2020.07.10 22:35,26087.8,58,29,29
2020.07.10 22:40,26028.3,15,13,2
2020.07.10 23:00,26068.6,34,19,15
2020.07.10 23:20,26083.9,52,28,24
2020.07.13 01:20,26293.6,128,79,49
2020.07.13 01:55,26233.1,118,57,61
2020.07.13 02:00,26258.6,86,46,40
2020.07.13 02:20,26170.6,84,46,38
2020.07.13 02:35,26222.1,97,54,43
2020.07.13 02:40,26185.1,99,49,50
2020.07.13 02:45,26211.1,92,51,41
2020.07.13 03:15,26137.6,83,45,38
2020.07.13 03:45,26201.1,96,47,49
2020.07.13 03:50,26185.1,92,46,46
2020.07.13 04:00,26238.6,115,57,58
2020.07.13 04:20,26174.1,87,45,42
2020.07.13 04:35,26238.1,113,55,58
2020.07.13 04:40,26206.6,78,43,35
2020.07.13 04:55,26253.6,92,44,48
2020.07.13 05:25,26242.6,110,49,61
2020.07.13 05:35,26271.1,88,50,38
2020.07.13 05:50,26258.1,83,42,41
2020.07.13 06:00,26222.6,91,50,41
2020.07.13 06:15,26258.1,82,42,40
2020.07.13 06:20,26236.1,102,45,57
2020.07.13 06:55,26241.1,102,45,57
2020.07.13 07:00,26253.6,79,40,39
2020.07.13 08:30,26287.6,102,60,42
2020.07.13 08:35,26272.1,85,48,37
2020.07.13 09:25,26251.2,78,36,42
2020.07.13 09:45,26280.2,94,56,38
2020.07.13 10:20,26267.2,78,43,35
2020.07.13 10:25,26215.7,89,51,38
2020.07.13 11:00,26184.2,85,43,42
2020.07.13 11:10,26228.2,92,58,34
2020.07.13 11:35,26144.2,76,46,30
2020.07.13 11:50,26205.7,72,39,33
2020.07.13 11:55,26175.7,83,42,41
2020.07.13 12:15,26237.7,89,42,47
2020.07.13 12:45,26213.7,73,42,31
2020.07.13 12:55,26246.7,75,35,40
2020.07.13 13:45,26206.2,67,36,31
2020.07.13 14:10,26334.2,109,56,53
2020.07.13 15:20,26272.2,77,46,31
2020.07.13 15:25,26292.7,115,70,45
2020.07.13 15:40,26264.7,72,40,32
2020.07.13 15:50,26297.7,120,61,59
2020.07.13 15:55,26275.2,84,53,31
2020.07.13 16:45,26244.8,76,36,40
2020.07.13 16:50,26327.3,111,58,53
2020.07.13 17:00,26227.3,78,46,32
2020.07.13 17:30,26442.3,164,81,83
2020.07.13 18:05,26507.3,276,144,132
2020.07.13 18:15,26460.8,185,107,78
2020.07.13 18:25,26524.8,278,142,136
2020.07.13 19:05,26498.3,266,147,119
2020.07.13 20:20,26615.6,207,113,94
2020.07.13 20:25,26582.6,212,107,105
2020.07.13 20:45,26641.6,220,119,101
2020.07.13 21:35,26424.6,179,90,89
2020.07.13 22:35,26135.8,81,47,34
2020.07.13 22:40,26246.3,69,32,37
2020.07.13 22:50,26041.3,23,18,5
2020.07.13 22:55,26126.3,71,40,31
2020.07.13 23:35,26106.1,68,36,32
2020.07.13 23:45,26067.1,28,18,10
2020.07.14 00:10,26076.0,32,19,13
2020.07.14 00:20,26084.5,41,23,18
2020.07.14 00:35,26066.3,27,18,9
2020.07.14 01:35,26173.1,73,40,33
2020.07.14 01:40,26195.1,74,38,36
2020.07.14 01:55,26126.6,70,39,31
2020.07.14 02:50,26200.1,70,35,35
2020.07.14 03:05,26121.1,69,42,27
2020.07.14 03:35,26108.1,68,37,31
2020.07.14 03:50,26156.6,65,28,37
2020.07.14 04:15,26164.1,59,26,33
2020.07.14 04:25,26049.1,23,13,10
2020.07.14 04:40,26141.6,59,33,26
2020.07.14 04:45,26118.6,64,37,27
2020.07.14 05:00,26170.1,60,36,24
2020.07.14 05:10,26108.1,63,34,29
2020.07.14 05:15,26138.6,57,33,24
2020.07.14 05:20,26102.6,54,26,28
2020.07.14 05:25,26143.6,54,32,22
2020.07.14 05:55,26103.1,52,24,28
2020.07.14 07:05,26115.1,52,27,25
2020.07.14 07:25,26109.6,51,25,26
2020.07.14 08:10,26095.6,37,21,16
2020.07.14 08:20,26124.1,48,28,20
2020.07.14 08:25,26103.6,41,18,23
2020.07.14 08:40,26136.6,51,32,19
2020.07.14 09:25,26237.7,74,36,38
2020.07.14 09:35,26205.2,65,34,31
2020.07.14 09:45,26235.7,76,36,40
2020.07.14 10:20,26109.7,40,18,22
2020.07.14 10:25,26179.2,58,28,30
2020.07.14 10:40,26036.7,17,14,3
2020.07.14 11:20,26205.7,58,34,24
2020.07.14 11:25,26169.7,52,31,21
2020.07.14 11:30,26203.7,60,35,25
2020.07.14 11:35,26161.7,52,25,27
2020.07.14 12:10,26136.2,43,25,18
2020.07.14 12:55,26164.7,48,19,29
2020.07.14 13:10,26200.2,53,30,23
2020.07.14 13:15,26155.2,51,23,28
2020.07.14 13:30,26150.7,41,18,23
2020.07.14 14:05,26265.2,67,37,30
2020.07.14 14:45,26188.2,38,19,19
2020.07.14 15:00,26205.2,47,27,20
2020.07.14 15:05,26254.2,57,29,28
2020.07.14 15:45,26155.7,47,22,25
2020.07.14 16:15,26036.7,16,13,3
2020.07.14 16:20,26112.7,31,17,14
2020.07.14 16:50,26006.3,3,3,0
2020.07.14 17:00,26197.3,42,27,15
2020.07.14 17:10,26090.3,14,8,6
2020.07.14 18:10,26342.8,106,60,46
2020.07.14 18:15,26262.8,52,26,26
2020.07.14 18:55,26357.8,168,105,63
2020.07.14 19:00,26396.8,143,74,69
2020.07.14 19:20,26414.3,194,98,96
2020.07.14 19:40,26343.6,102,59,43
2020.07.14 20:10,26272.1,56,33,23
2020.07.14 20:50,26455.6,161,83,78
2020.07.14 20:55,26360.1,166,93,73
2020.07.14 21:30,26519.1,249,129,120
2020.07.14 21:50,26443.1,154,78,76
2020.07.14 22:15,26433.6,166,81,85
2020.07.14 22:50,26690.8,294,149,145
2020.07.14 23:35,26590.6,211,106,105
2020.07.14 23:50,26629.6,221,106,115
2020.07.14 23:55,26617.6,200,115,85
2020.07.15 00:20,26828.5,207,108,99
2020.07.15 00:30,26722.2,293,151,142
2020.07.15 00:45,26775.7,239,113,126
2020.07.15 01:25,26929.6,178,89,89
2020.07.15 02:20,26896.6,245,119,126
2020.07.15 02:50,26835.6,248,137,111
2020.07.15 04:05,26858.1,248,127,121
2020.07.15 04:15,26890.6,246,123,123
2020.07.15 04:55,26898.6,237,120,117
2020.07.15 05:40,26857.1,254,125,129
2020.07.15 05:55,26884.6,234,111,123
2020.07.15 06:20,26847.1,244,121,123
2020.07.15 06:25,26879.6,249,134,115
2020.07.15 06:30,26856.6,252,119,133
2020.07.15 06:35,26882.6,252,122,130
2020.07.15 06:40,26865.6,251,129,122
2020.07.15 07:00,26895.6,233,112,121
2020.07.15 07:10,26876.6,247,123,124
2020.07.15 07:50,26924.6,183,87,96
2020.07.15 08:55,26892.1,232,118,114
2020.07.15 09:00,26852.7,253,125,128
2020.07.15 09:15,26907.7,234,111,123
2020.07.15 10:10,26789.7,216,100,116
2020.07.15 11:30,26883.2,220,107,113
2020.07.15 11:50,26818.7,202,101,101
2020.07.15 11:55,26842.2,246,131,115
2020.07.15 12:05,26793.7,221,101,120
2020.07.15 12:30,26814.2,203,107,96
2020.07.15 13:05,26802.2,206,101,105
2020.07.15 13:20,26914.7,216,99,117
2020.07.15 13:25,26874.2,225,110,115
2020.07.15 14:10,27067.2,105,54,51
2020.07.15 14:15,27020.2,102,39,63
2020.07.15 15:10,27172.7,143,71,72
2020.07.15 15:35,27161.2,144,72,72
2020.07.15 15:50,27177.7,137,67,70
2020.07.15 16:45,27013.3,126,61,65
2020.07.15 17:10,26859.7,238,124,114
2020.07.15 17:40,27038.2,75,39,36
2020.07.15 18:20,26795.2,225,107,118
2020.07.15 18:30,26901.7,217,101,116
2020.07.15 19:00,26692.2,297,149,148
2020.07.15 19:05,26756.2,267,127,140
2020.07.15 19:10,26685.7,287,151,136
2020.07.15 19:50,26814.2,195,103,92
2020.07.15 20:20,26843.3,228,118,110
2020.07.15 20:25,26797.8,205,99,106
2020.07.15 21:30,26867.8,217,107,110
2020.07.15 21:35,26828.3,172,88,84
2020.07.15 21:40,26867.3,217,107,110
2020.07.15 22:35,26888.6,203,98,105
2020.07.15 22:40,26841.6,214,115,99
2020.07.15 22:45,26943.6,150,71,79
2020.07.15 23:00,26885.9,195,83,112
2020.07.15 23:05,26856.4,217,104,113
2020.07.15 23:20,26883.4,201,97,104
2020.07.15 23:40,26886.4,194,87,107
2020.07.16 00:00,26888.3,193,92,101
2020.07.16 01:15,26972.9,158,85,73
2020.07.16 02:35,26874.9,204,100,104
2020.07.16 02:40,26895.4,191,93,98
2020.07.16 03:25,26847.4,204,110,94
2020.07.16 03:40,26846.4,199,106,93
2020.07.16 03:45,26815.4,175,86,89
2020.07.16 03:50,26840.9,205,113,92
2020.07.16 04:00,26775.4,219,105,114
2020.07.16 04:15,26865.9,216,110,106
2020.07.16 04:20,26836.9,192,111,81
2020.07.16 04:25,26864.4,220,116,104
2020.07.16 05:40,26731.4,271,142,129
2020.07.16 05:45,26771.4,234,114,120
2020.07.16 05:50,26757.4,247,118,129
2020.07.16 05:55,26776.9,219,104,115
2020.07.16 06:00,26743.9,254,125,129
2020.07.16 06:10,26781.9,208,103,105
2020.07.16 06:25,26782.9,208,103,105
2020.07.16 06:35,26750.4,253,114,139
2020.07.16 07:25,26796.4,198,92,106
2020.07.16 07:50,26800.4,184,85,99
2020.07.16 08:10,26781.4,193,97,96
2020.07.16 08:20,26750.4,252,113,139
2020.07.16 08:25,26763.9,222,111,111
2020.07.16 08:35,26702.4,284,144,140
2020.07.16 08:50,26773.4,214,104,110
2020.07.16 08:55,26753.9,256,121,135
2020.07.16 09:25,26789.5,186,89,97
2020.07.16 09:40,26730.0,274,145,129
2020.07.16 09:50,26773.0,208,103,105
2020.07.16 10:30,26672.8,283,142,141
2020.07.16 11:55,26686.3,278,144,134
2020.07.16 12:40,26714.3,293,152,141
2020.07.16 13:15,26720.8,281,139,142
2020.07.16 13:45,26751.3,244,118,126
2020.07.16 13:55,26720.3,273,137,136
2020.07.16 14:00,26755.8,236,110,126
2020.07.16 14:20,26744.3,240,118,122
2020.07.16 14:25,26721.3,277,135,142
2020.07.16 14:30,26738.8,236,120,116
2020.07.16 14:35,26708.8,275,152,123
2020.07.16 16:05,26751.8,241,118,123
2020.07.16 16:20,26679.3,270,134,136
2020.07.16 17:05,26700.4,263,132,131
2020.07.16 18:05,26762.5,206,100,106
2020.07.16 18:10,26810.5,173,82,91
2020.07.16 18:15,26769.5,196,97,99
2020.07.16 18:25,26827.5,144,71,73
2020.07.16 18:55,26757.0,219,103,116
2020.07.16 19:00,26715.0,272,140,132
2020.07.16 19:05,26756.5,223,104,119
2020.07.16 19:20,26688.0,266,137,129
2020.07.16 19:40,26740.0,216,114,102
2020.07.16 20:15,26754.5,228,111,117
2020.07.16 20:50,26730.0,232,123,109
2020.07.16 22:50,26701.3,248,119,129
2020.07.16 22:55,26759.3,207,98,109
2020.07.17 00:10,26677.7,247,113,134
2020.07.17 00:30,26682.4,250,127,123
2020.07.17 00:35,26676.0,256,123,133
2020.07.17 01:25,26696.0,249,120,129
2020.07.17 01:50,26713.0,246,132,114
2020.07.17 02:10,26742.0,215,116,99
2020.07.17 02:35,26726.0,229,109,120
2020.07.17 02:40,26735.0,206,110,96
2020.07.17 03:15,26739.0,203,107,96
2020.07.17 04:35,26692.5,245,119,126
2020.07.17 04:40,26732.5,205,106,99
2020.07.17 05:10,26749.0,213,97,116
2020.07.17 05:15,26727.0,218,109,109
2020.07.17 05:50,26713.5,241,123,118
2020.07.17 05:55,26734.5,193,100,93
2020.07.17 06:50,26727.5,209,103,106
2020.07.17 06:55,26710.5,228,132,96
2020.07.17 07:00,26729.5,205,104,101
2020.07.17 07:10,26701.5,233,114,119
2020.07.17 08:05,26715.5,217,109,108
2020.07.17 08:15,26693.5,245,121,124
2020.07.17 08:25,26710.5,218,128,90
2020.07.17 09:00,26722.1,210,104,106
2020.07.17 09:05,26681.6,245,123,122
2020.07.17 10:30,26673.1,245,117,128
2020.07.17 11:00,26638.1,210,108,102
2020.07.17 12:05,26657.1,214,117,97
2020.07.17 12:35,26726.6,199,101,98
2020.07.17 13:10,26716.6,195,97,98
2020.07.17 13:15,26696.1,216,97,119
2020.07.17 14:20,26710.1,196,115,81
2020.07.17 14:40,26722.6,190,97,93
2020.07.17 16:20,26815.1,151,77,74
2020.07.17 16:50,26803.7,159,74,85
2020.07.17 17:10,26683.4,231,115,116
2020.07.17 17:15,26737.4,181,94,87
2020.07.17 17:30,26616.4,194,108,86
2020.07.17 17:40,26686.4,221,112,109
2020.07.17 17:45,26646.9,201,100,101
2020.07.17 18:00,26746.9,196,94,102
2020.07.17 18:30,26704.9,179,91,88
2020.07.17 18:45,26660.9,219,111,108
2020.07.17 18:55,26719.4,182,93,89
2020.07.17 19:00,26696.4,204,96,108
2020.07.17 19:05,26727.4,185,96,89
2020.07.17 20:00,26674.8,234,113,121
2020.07.17 20:10,26704.3,175,91,84
2020.07.17 20:15,26659.3,218,120,98
2020.07.17 20:25,26710.3,175,105,70
2020.07.17 20:35,26671.3,223,109,114
2020.07.17 20:45,26701.3,179,90,89
2020.07.17 20:55,26671.8,223,111,112
2020.07.17 21:15,26730.3,179,92,87
2020.07.17 21:45,26681.3,216,107,109
2020.07.17 21:55,26709.3,169,99,70
2020.07.17 22:00,26676.3,220,102,118
2020.07.17 22:05,26717.3,175,91,84
2020.07.17 22:15,26651.8,195,99,96
2020.07.17 22:35,26717.6,172,89,83
2020.07.20 01:05,26617.9,192,110,82
2020.07.20 01:35,26654.9,191,105,86
2020.07.20 01:55,26672.4,215,108,107
2020.07.20 02:20,26672.4,214,108,106
2020.07.20 02:25,26664.9,200,99,101
2020.07.20 02:55,26713.4,175,96,79
2020.07.20 03:25,26668.9,202,96,106
2020.07.20 04:15,26525.4,260,133,127
2020.07.20 04:20,26564.9,216,103,113
2020.07.20 04:25,26530.4,271,129,142
2020.07.20 04:30,26570.4,201,99,102
2020.07.20 04:50,26471.4,196,105,91
2020.07.20 05:05,26529.9,266,124,142
2020.07.20 05:10,26508.4,256,129,127
2020.07.20 05:30,26504.4,251,135,116
2020.07.20 05:50,26536.9,250,123,127
2020.07.20 06:15,26536.9,249,123,126
2020.07.20 06:20,26521.4,241,115,126
2020.07.20 07:00,26542.9,252,106,146
2020.07.20 07:05,26558.4,219,104,115
2020.07.20 07:30,26537.9,251,120,131
2020.07.20 07:35,26547.9,226,95,131
2020.07.20 07:50,26516.4,225,105,120
2020.07.20 09:15,26475.0,207,102,105
2020.07.20 09:30,26511.0,248,122,126
2020.07.20 09:40,26537.0,241,120,121
2020.07.20 09:45,26516.0,222,105,117
2020.07.20 09:50,26531.5,246,120,126
2020.07.20 10:20,26443.0,149,74,75
2020.07.20 10:35,26457.0,156,84,72
2020.07.20 11:00,26523.5,230,116,114
2020.07.20 11:10,26481.0,197,103,94
2020.07.20 11:15,26513.0,242,114,128
2020.07.20 11:20,26483.5,202,111,91
2020.07.20 12:40,26634.5,196,90,106
2020.07.20 13:05,26582.5,203,103,100
2020.07.20 13:10,26598.5,189,105,84
2020.07.20 13:30,26565.0,213,102,111
2020.07.20 13:45,26597.5,190,105,85
2020.07.20 14:05,26611.0,168,100,68
2020.07.20 14:25,26627.5,204,101,103
2020.07.20 14:40,26585.0,199,97,102
2020.07.20 14:50,26642.5,187,97,90
2020.07.20 15:30,26560.5,214,98,116
2020.07.20 15:35,26597.0,177,98,79
2020.07.20 15:40,26568.0,194,99,95
2020.07.20 16:15,26627.0,203,101,102
2020.07.20 16:55,26501.1,237,127,110
2020.07.20 18:05,26594.2,170,86,84
2020.07.20 19:05,26588.2,183,88,95
2020.07.20 19:25,26593.2,171,85,86
2020.07.20 19:55,26624.6,182,95,87
2020.07.20 20:00,26643.1,174,91,83
2020.07.20 20:05,26616.6,159,91,68
2020.07.20 20:20,26665.1,194,97,97
2020.07.20 20:30,26649.1,175,91,84
2020.07.20 20:55,26729.6,183,96,87
2020.07.20 21:30,26712.1,165,97,68
2020.07.20 21:50,26710.1,160,100,60
2020.07.20 21:55,26681.1,198,98,100
2020.07.20 22:05,26705.1,148,81,67
2020.07.20 22:10,26671.1,199,99,100
2020.07.20 22:35,26766.3,182,89,93
2020.07.20 23:00,26670.6,192,92,100
2020.07.20 23:50,26744.1,178,96,82
2020.07.21 00:20,26731.7,170,91,79
2020.07.21 00:25,26725.5,173,92,81
2020.07.21 00:45,26732.5,166,88,78
2020.07.21 01:30,26701.1,145,76,69
2020.07.21 02:30,26751.1,188,92,96
2020.07.21 02:45,26709.6,147,90,57
2020.07.21 03:10,26745.6,181,97,84
2020.07.21 04:15,26771.1,185,90,95
2020.07.21 05:30,26735.1,154,87,67
2020.07.21 05:35,26722.1,143,74,69
2020.07.21 05:55,26741.6,163,92,71
2020.07.21 06:55,26742.6,167,94,73
2020.07.21 07:05,26760.1,180,92,88
2020.07.21 08:05,26781.1,164,82,82
2020.07.21 08:20,26763.1,176,84,92
2020.07.21 09:25,26889.2,184,92,92
2020.07.21 10:30,26893.7,192,95,97
2020.07.21 11:00,26853.2,192,102,90
2020.07.21 11:10,26891.7,184,92,92
2020.07.21 11:15,26861.7,198,106,92
2020.07.21 11:50,26928.7,161,79,82
2020.07.21 11:55,26899.7,191,95,96
2020.07.21 12:05,26930.2,161,84,77
2020.07.21 12:15,26901.2,189,88,101
2020.07.21 12:20,26916.7,182,87,95
2020.07.21 13:45,26939.7,151,70,81
2020.07.21 14:50,26903.7,189,87,102
2020.07.21 15:00,26932.7,146,68,78
2020.07.21 15:05,26914.2,182,86,96
2020.07.21 15:20,26936.2,142,71,71
2020.07.21 15:30,26887.7,174,83,91
2020.07.21 16:15,26869.7,181,95,86
2020.07.21 16:30,26842.3,192,104,88
2020.07.21 18:00,27004.9,129,71,58
2020.07.21 18:10,26941.9,142,72,70
2020.07.21 18:20,27022.4,93,39,54
2020.07.21 18:50,26952.9,152,74,78
2020.07.21 19:00,27001.4,118,61,57
2020.07.21 19:10,26943.9,137,67,70
2020.07.21 19:30,26990.4,133,69,64
2020.07.21 19:35,26960.9,144,69,75
2020.07.21 19:45,26999.9,119,64,55
2020.07.21 19:50,26964.9,148,77,71
2020.07.21 20:00,26997.9,119,63,56
2020.07.21 20:55,26959.9,144,70,74
2020.07.21 21:05,26986.4,123,52,71
2020.07.21 21:25,26956.9,146,72,74
2020.07.21 22:20,26837.7,191,104,87
2020.07.21 22:25,26886.7,164,76,88
2020.07.21 22:45,26876.7,177,90,87
2020.07.21 23:45,26854.0,179,92,87
2020.07.22 01:20,26861.5,186,103,83
2020.07.22 01:25,26847.0,163,86,77
2020.07.22 01:55,26915.0,163,74,89
2020.07.22 02:05,26885.0,160,74,86
2020.07.22 02:10,26899.0,164,80,84
2020.07.22 02:25,26866.0,180,91,89
2020.07.22 02:50,26912.5,168,81,87
2020.07.22 04:30,26911.5,158,76,82
2020.07.22 04:35,26926.0,132,69,63
2020.07.22 05:35,26951.0,135,65,70
2020.07.22 05:40,26959.5,137,67,70
2020.07.22 05:50,26948.0,134,62,72
2020.07.22 05:55,26960.0,135,66,69
2020.07.22 06:00,26944.0,124,59,65
2020.07.22 06:15,26973.0,126,66,60
2020.07.22 06:30,26954.0,131,69,62
2020.07.22 06:50,26948.0,131,59,72
2020.07.22 08:10,26828.0,124,59,65
2020.07.22 08:25,26871.0,159,86,73
2020.07.22 08:35,26839.5,169,91,78
2020.07.22 09:30,26842.6,169,91,78
2020.07.22 10:20,26924.6,127,66,61
2020.07.22 11:45,26675.1,207,97,110
2020.07.22 11:55,26728.1,141,80,61
2020.07.22 12:10,26637.1,169,84,85
2020.07.22 12:20,26681.1,190,94,96
2020.07.22 13:15,26689.1,166,83,83
2020.07.22 13:20,26738.1,152,89,63
2020.07.22 13:50,26711.6,131,74,57
2020.07.22 14:05,26783.6,149,72,77
2020.07.22 14:25,26800.6,155,73,82
2020.07.22 14:35,26769.6,165,79,86
2020.07.22 14:45,26799.6,156,69,87
2020.07.22 14:50,26778.6,141,74,67
2020.07.22 14:55,26800.6,154,73,81
2020.07.22 16:05,26778.6,133,67,66
2020.07.22 16:10,26796.6,149,74,75
2020.07.22 16:20,26752.1,171,84,87
2020.07.22 16:55,26929.2,133,69,64
2020.07.22 17:05,26856.6,165,85,80
2020.07.22 17:50,26858.1,157,84,73
2020.07.22 18:00,26945.1,122,55,67
2020.07.22 19:05,26882.6,142,75,67
2020.07.22 19:15,26959.6,131,65,66
2020.07.22 19:35,26921.6,115,57,58
2020.07.22 19:40,26898.1,133,66,67
2020.07.22 20:20,26919.0,122,62,60
2020.07.22 20:35,26881.0,140,73,67
2020.07.22 22:30,26944.9,119,52,67
2020.07.22 22:50,27036.4,75,38,37
2020.07.22 23:25,26986.8,123,51,72
2020.07.23 00:00,26979.9,124,61,63
2020.07.23 00:15,26986.8,120,50,70
2020.07.23 00:20,26980.6,127,62,65
2020.07.23 00:30,26984.3,115,54,61
2020.07.23 01:40,26980.8,121,60,61
2020.07.23 02:25,26982.8,106,51,55
2020.07.23 02:35,26949.3,120,53,67
2020.07.23 02:40,26977.8,119,58,61
2020.07.23 02:55,26932.3,121,61,60
2020.07.23 03:40,26967.8,117,55,62
2020.07.23 04:25,26960.8,116,50,66
2020.07.23 04:40,27008.8,108,64,44
2020.07.23 04:55,27006.8,106,63,43
2020.07.23 05:10,26972.8,105,55,50
2020.07.23 05:15,27000.3,99,55,44
2020.07.23 05:30,26989.3,99,47,52
2020.07.23 06:10,26981.8,103,51,52
2020.07.23 06:15,26961.3,110,50,60
2020.07.23 07:45,27003.8,104,60,44
2020.07.23 07:50,26982.8,89,43,46
2020.07.23 08:25,27006.8,105,63,42
2020.07.23 08:45,26994.8,86,44,42
2020.07.23 08:50,26977.3,98,50,48
2020.07.23 10:30,27049.4,73,39,34
2020.07.23 10:45,27061.4,77,47,30
2020.07.23 11:20,27159.4,142,76,66
2020.07.23 12:00,27073.9,97,50,47
2020.07.23 12:10,27107.4,115,59,56
2020.07.23 12:35,27112.4,124,62,62
2020.07.23 13:05,27137.4,122,72,50
2020.07.23 13:35,27079.4,95,53,42
2020.07.23 13:40,27099.4,117,60,57
2020.07.23 13:45,27073.4,96,49,47
2020.07.23 13:50,27091.4,109,62,47
2020.07.23 13:55,27078.9,95,53,42
2020.07.23 14:10,27104.4,116,59,57
2020.07.23 14:50,27041.9,75,35,40
2020.07.23 14:55,27093.4,106,62,44
2020.07.23 15:10,27040.4,74,33,41
2020.07.23 15:40,27023.4,85,40,45
2020.07.23 16:00,26928.4,117,59,58
2020.07.23 16:40,26895.5,128,59,69
2020.07.23 16:50,26974.0,89,47,42
2020.07.23 17:20,26827.1,121,55,66
2020.07.23 17:30,26904.1,124,53,71
2020.07.23 17:35,26874.1,132,64,68
2020.07.23 17:40,26927.6,110,58,52
2020.07.23 17:55,26847.6,149,75,74
2020.07.23 18:00,26894.1,124,56,68
2020.07.23 18:05,26830.6,119,63,56
2020.07.23 18:15,26887.1,120,53,67
2020.07.23 18:20,26855.1,147,68,79
2020.07.23 19:05,26855.6,149,69,80
2020.07.23 19:20,26938.6,107,50,57
2020.07.23 19:25,26893.6,119,54,65
2020.07.23 19:30,26943.1,104,46,58
2020.07.23 20:05,26919.9,94,43,51
2020.07.23 21:15,26566.4,193,91,102
2020.07.23 21:50,26681.4,182,90,92
2020.07.23 22:10,26581.4,176,85,91
2020.07.23 22:45,26655.4,167,94,73
2020.07.23 22:50,26556.1,205,103,102
2020.07.23 22:55,26675.5,196,90,106
2020.07.23 23:05,26590.8,167,81,86
2020.07.23 23:10,26659.3,178,98,80
2020.07.23 23:30,26652.3,159,82,77
2020.07.23 23:50,26633.3,159,80,79
2020.07.24 00:50,26629.2,160,71,89
2020.07.24 02:35,26639.8,140,74,66
2020.07.24 02:50,26631.3,150,69,81
2020.07.24 03:20,26658.8,164,88,76
2020.07.24 03:25,26688.8,149,75,74
2020.07.24 03:40,26654.3,152,80,72
2020.07.24 04:15,26683.3,167,80,87
2020.07.24 04:30,26702.8,124,67,57
2020.07.24 04:55,26673.3,174,87,87
2020.07.24 05:05,26643.8,144,75,69
2020.07.24 05:15,26666.3,160,84,76
2020.07.24 05:40,26654.3,145,76,69
2020.07.24 05:50,26629.3,159,71,88
2020.07.24 07:05,26508.3,238,122,116
2020.07.24 07:10,26543.8,223,97,126
2020.07.24 07:20,26503.8,235,125,110
2020.07.24 08:00,26519.3,213,102,111
2020.07.24 08:05,26551.8,211,101,110
2020.07.24 09:10,26577.9,181,94,87
2020.07.24 10:45,26468.4,175,103,72
2020.07.24 10:55,26431.9,161,79,82
2020.07.24 11:25,26472.4,179,99,80
2020.07.24 11:45,26497.4,221,119,102
2020.07.24 12:00,26549.4,196,91,105
2020.07.24 12:05,26524.9,208,104,104
2020.07.24 12:25,26533.4,215,108,107
2020.07.24 12:30,26567.9,182,94,88
2020.07.24 12:35,26547.4,187,80,107
2020.07.24 12:55,26616.9,136,77,59
2020.07.24 13:00,26588.9,169,78,91
2020.07.24 13:15,26592.4,157,72,85
2020.07.24 14:35,26530.4,215,103,112
2020.07.24 15:05,26580.9,165,76,89
2020.07.24 15:10,26558.4,191,91,100
2020.07.24 15:35,26549.4,183,84,99
2020.07.24 16:35,26463.5,151,81,70
2020.07.24 17:00,26570.5,167,81,86
2020.07.24 17:05,26526.0,197,98,99
2020.07.24 17:25,26606.6,110,55,55
2020.07.24 17:35,26504.6,214,112,102
2020.07.24 18:00,26626.6,152,78,74
2020.07.24 19:05,26470.6,176,98,78
2020.07.24 19:45,26481.6,190,98,92
2020.07.24 19:50,26506.6,200,103,97
2020.07.24 19:55,26473.1,180,97,83
2020.07.24 20:00,26516.6,172,81,91
2020.07.24 20:15,26419.1,174,86,88
2020.07.24 20:25,26482.6,184,96,88
2020.07.24 20:50,26487.6,196,103,93
2020.07.24 21:10,26511.1,195,93,102
2020.07.24 21:15,26481.1,181,95,86
2020.07.24 21:25,26527.1,180,94,86
2020.07.24 21:35,26481.6,182,94,88
2020.07.24 21:40,26526.1,179,93,86
2020.07.24 21:55,26455.6,132,69,63
2020.07.24 22:10,26534.6,195,98,97
2020.07.24 22:30,26399.4,139,74,65
2020.07.24 22:40,26486.4,182,92,90
2020.07.24 23:00,26483.7,177,95,82
2020.07.27 01:20,26365.7,165,78,87
2020.07.27 01:35,26428.2,145,67,78
2020.07.27 03:30,26551.7,174,83,91
2020.07.27 04:05,26552.2,178,86,92
2020.07.27 04:15,26512.2,179,83,96
2020.07.27 04:55,26566.7,154,73,81
2020.07.27 05:25,26499.7,189,98,91
2020.07.27 07:05,26571.7,155,76,79
2020.07.27 07:15,26548.2,152,69,83
2020.07.27 07:35,26574.2,149,79,70
2020.07.27 08:15,26521.7,162,78,84
2020.07.27 08:30,26552.2,161,80,81
2020.07.27 08:45,26546.7,154,69,85
2020.07.27 09:10,26497.3,185,96,89
2020.07.27 10:05,26546.8,152,68,84
2020.07.27 10:35,26449.3,127,60,67
2020.07.27 11:15,26545.3,155,72,83
2020.07.27 11:25,26513.8,168,73,95
2020.07.27 11:35,26550.8,158,76,82
2020.07.27 12:35,26565.3,152,74,78
2020.07.27 12:50,26526.3,142,72,70
2020.07.27 13:00,26557.3,158,84,74
2020.07.27 13:10,26524.3,145,75,70
2020.07.27 13:35,26564.8,158,77,81
2020.07.27 13:45,26530.3,145,72,73
2020.07.27 13:50,26548.3,145,65,80
2020.07.27 14:10,26487.3,172,91,81
2020.07.27 14:35,26549.8,141,67,74
2020.07.27 14:40,26530.3,141,69,72
2020.07.27 16:05,26514.3,153,69,84
2020.07.27 16:35,26426.4,143,71,72
2020.07.27 16:55,26586.4,148,73,75
2020.07.27 17:40,26626.4,151,78,73
2020.07.27 17:45,26587.6,141,70,71
2020.07.27 17:50,26610.6,108,66,42
2020.07.27 18:35,26491.1,166,80,86
2020.07.27 18:55,26555.6,136,75,61
2020.07.27 19:00,26530.1,128,62,66
2020.07.27 19:10,26562.1,150,75,75
2020.07.27 19:20,26535.6,131,67,64
2020.07.27 20:00,26573.7,143,73,70
2020.07.27 20:10,26537.2,127,64,63
2020.07.27 20:15,26552.7,127,62,65
2020.07.27 21:15,26505.7,145,79,66
2020.07.27 21:30,26544.2,114,50,64
2020.07.27 21:55,26481.7,160,83,77
2020.07.27 22:30,26592.0,130,64,66
2020.07.27 22:50,26562.0,138,68,70
2020.07.27 23:55,26617.8,123,72,51
2020.07.28 00:00,26606.9,100,53,47
2020.07.28 01:20,26616.8,118,68,50
2020.07.28 01:35,26634.3,138,67,71
2020.07.28 01:40,26623.3,136,74,62
2020.07.28 02:35,26613.8,106,67,39
2020.07.28 02:45,26591.8,119,59,60
2020.07.28 03:05,26655.3,144,79,65
2020.07.28 04:20,26701.3,128,66,62
2020.07.28 04:35,26661.8,155,79,76
2020.07.28 04:40,26683.3,159,77,82
2020.07.28 06:35,26635.8,121,61,60
2020.07.28 06:55,26566.8,128,62,66
2020.07.28 07:15,26565.8,124,62,62
2020.07.28 07:40,26581.8,116,53,63
2020.07.28 07:50,26609.8,89,57,32
2020.07.28 08:05,26570.8,131,63,68
2020.07.28 09:10,26609.4,84,51,33
2020.07.28 09:25,26577.4,120,57,63
2020.07.28 09:45,26608.4,86,51,35
2020.07.28 10:00,26572.9,129,63,66
2020.07.28 10:10,26631.9,122,62,60
2020.07.28 10:45,26609.4,81,50,31
2020.07.28 10:55,26577.9,114,56,58
2020.07.28 11:10,26566.4,124,59,65
2020.07.28 11:15,26579.4,110,53,57
2020.07.28 11:20,26554.9,123,66,57
2020.07.28 11:35,26593.9,85,45,40
2020.07.28 11:45,26572.4,122,62,60
2020.07.28 12:00,26607.4,79,49,30
2020.07.28 12:30,26564.4,131,65,66
2020.07.28 12:35,26584.4,93,41,52
2020.07.28 13:10,26447.4,119,53,66
2020.07.28 13:55,26526.4,121,62,59
2020.07.28 14:00,26499.9,154,76,78
2020.07.28 14:05,26523.9,124,64,60
2020.07.28 14:20,26448.4,124,57,67
2020.07.28 14:25,26479.4,154,79,75
2020.07.28 14:35,26409.4,174,94,80
2020.07.28 15:00,26467.4,131,74,57
2020.07.28 15:30,26473.4,146,83,63
2020.07.28 15:35,26449.9,109,49,60
2020.07.28 16:10,26475.4,153,81,72
2020.07.28 16:20,26503.9,142,72,70
2020.07.28 16:55,26380.0,135,68,67
2020.07.28 17:15,26519.7,121,63,58
2020.07.28 17:45,26404.4,142,74,68
2020.07.28 17:55,26482.9,140,70,70
2020.07.28 18:05,26405.9,150,81,69
2020.07.28 18:20,26472.4,130,75,55
2020.07.28 18:40,26533.9,122,62,60
2020.07.28 19:15,26503.4,127,65,62
2020.07.28 19:30,26457.4,95,50,45
2020.07.28 19:35,26485.4,135,68,67
2020.07.28 20:05,26509.8,129,66,63
2020.07.28 20:15,26473.3,126,74,52
2020.07.28 20:20,26504.3,129,71,58
2020.07.28 20:25,26484.3,128,65,63
2020.07.28 20:35,26514.8,123,54,69
2020.07.28 20:40,26500.8,123,62,61
2020.07.28 21:50,26513.3,123,57,66
2020.07.28 21:55,26547.8,104,51,53
2020.07.28 22:15,26468.8,119,70,49
2020.07.28 22:20,26502.6,115,61,54
2020.07.28 23:10,26409.4,166,90,76
2020.07.28 23:15,26386.2,125,58,67
2020.07.28 23:20,26394.4,115,61,54
2020.07.28 23:55,26386.4,126,60,66
2020.07.29 00:00,26379.6,124,64,60
2020.07.29 00:05,26387.7,128,60,68
2020.07.29 01:05,26420.4,152,77,75
2020.07.29 01:10,26400.4,125,65,60
2020.07.29 01:20,26416.4,157,78,79
2020.07.29 01:30,26385.9,122,55,67
2020.07.29 03:10,26386.9,120,54,66
2020.07.29 05:20,26373.9,127,51,76
2020.07.29 06:20,26378.9,114,56,58
2020.07.29 07:00,26349.4,105,63,42
2020.07.29 07:35,26319.4,102,51,51
2020.07.29 07:40,26331.4,85,44,41
2020.07.29 08:35,26325.9,85,44,41
2020.07.29 09:30,26405.0,122,67,55
2020.07.29 10:10,26436.5,113,51,62
2020.07.29 10:30,26387.5,108,51,57
2020.07.29 10:50,26457.0,93,50,43
2020.07.29 11:10,26392.0,103,47,56
2020.07.29 11:30,26445.0,93,40,53
2020.07.29 12:00,26420.5,129,66,63
2020.07.29 12:40,26422.0,119,57,62
2020.07.29 13:15,26407.5,113,62,51
2020.07.29 14:10,26421.0,118,61,57
2020.07.29 15:00,26416.5,109,61,48
2020.07.29 15:15,26479.5,123,62,61
2020.07.29 15:45,26449.0,94,40,54
2020.07.29 16:00,26447.5,91,39,52
2020.07.29 16:05,26430.0,103,49,54
2020.07.29 16:10,26449.5,92,41,51
2020.07.29 16:55,26441.6,91,43,48
2020.07.29 17:00,26408.6,103,58,45
2020.07.29 17:35,26404.9,89,47,42
2020.07.29 18:20,26422.4,98,46,52
2020.07.29 19:25,26476.8,126,66,60
2020.07.29 19:30,26459.3,76,44,32
2020.07.29 20:45,26464.6,86,49,37
2020.07.29 20:50,26482.1,117,58,59
2020.07.29 22:05,26448.1,75,32,43
2020.07.29 22:20,26572.1,118,57,61
2020.07.29 22:25,26519.1,99,50,49
2020.07.29 22:35,26604.7,79,44,35
2020.07.29 23:00,26503.3,112,58,54
2020.07.29 23:45,26572.3,114,58,56
2020.07.30 00:00,26561.7,120,55,65
2020.07.30 00:05,26569.3,108,53,55
2020.07.30 01:25,26543.3,87,38,49
2020.07.30 03:45,26494.3,108,53,55
2020.07.30 04:20,26525.3,89,46,43
2020.07.30 04:50,26515.8,91,43,48
2020.07.30 04:55,26501.8,96,50,46
2020.07.30 05:00,26514.3,97,43,54
2020.07.30 06:40,26517.3,81,41,40
2020.07.30 06:45,26504.3,95,50,45
2020.07.30 06:50,26518.3,84,45,39
2020.07.30 07:15,26493.3,99,45,54
2020.07.30 07:50,26516.8,80,41,39
2020.07.30 08:00,26494.3,97,43,54
2020.07.30 08:05,26504.8,84,44,40
2020.07.30 08:40,26490.8,106,48,58
2020.07.30 08:45,26471.3,98,55,43
2020.07.30 09:35,26483.9,100,50,50
2020.07.30 10:35,26332.4,81,44,37
2020.07.30 10:45,26373.4,116,50,66
2020.07.30 11:00,26385.9,96,43,53
2020.07.30 11:10,26353.4,113,66,47
2020.07.30 12:00,26249.9,56,26,30
2020.07.30 12:40,26367.4,128,59,69
2020.07.30 13:55,26226.4,53,33,20
2020.07.30 14:35,26298.9,79,36,43
2020.07.30 15:20,26329.4,68,35,33
2020.07.30 15:35,26342.4,78,45,33
2020.07.30 16:00,26167.9,30,15,15
2020.07.30 17:00,25984.5,0,0,0
2020.07.30 17:50,26063.1,4,1,3
2020.07.30 18:20,26251.6,44,21,23
2020.07.30 18:30,26192.1,27,17,10
2020.07.30 19:25,26287.6,58,35,23
2020.07.30 19:30,26322.6,66,36,30
2020.07.30 20:15,26376.9,103,46,57
2020.07.30 21:05,26319.4,64,33,31
2020.07.30 21:45,26361.4,130,66,64
2020.07.30 22:10,26270.4,41,24,17
2020.07.30 22:30,26356.1,121,73,48
2020.07.30 23:10,26346.9,83,55,28
2020.07.30 23:15,26301.2,52,24,28
2020.07.31 00:10,26475.5,93,48,45
2020.07.31 00:15,26483.9,95,47,48
2020.07.31 00:25,26467.9,85,48,37
2020.07.31 00:50,26477.6,93,48,45
2020.07.31 01:00,26558.9,113,54,59
2020.07.31 01:20,26472.9,86,49,37
2020.07.31 01:25,26491.4,88,42,46
2020.07.31 01:30,26456.4,64,32,32
2020.07.31 01:50,26483.4,80,36,44
2020.07.31 02:50,26530.4,83,42,41
2020.07.31 04:50,26489.9,84,39,45
2020.07.31 05:20,26424.9,83,41,42
2020.07.31 05:25,26447.9,64,26,38
2020.07.31 05:45,26395.9,79,40,39
2020.07.31 05:50,26424.9,80,40,40
2020.07.31 06:20,26418.9,87,47,40
2020.07.31 06:30,26388.9,85,37,48
2020.07.31 06:35,26419.4,87,48,39
2020.07.31 06:45,26386.4,91,39,52
2020.07.31 07:05,26342.9,65,41,24
2020.07.31 07:10,26368.9,119,54,65
2020.07.31 07:15,26352.4,89,54,35
2020.07.31 08:55,26280.4,46,26,20
2020.07.31 10:15,26319.5,45,25,20
2020.07.31 10:55,26359.5,103,60,43
2020.07.31 11:30,26380.0,82,39,43
2020.07.31 12:10,26399.0,54,31,23
2020.07.31 13:10,26364.0,99,50,49
2020.07.31 13:15,26315.5,39,20,19
2020.07.31 13:40,26380.0,76,36,40
2020.07.31 13:45,26353.5,68,44,24
2020.07.31 14:20,26411.5,73,48,25
2020.07.31 14:50,26379.5,72,35,37
2020.07.31 15:10,26359.0,80,45,35
2020.07.31 15:20,26387.5,60,23,37
2020.07.31 15:35,26354.0,70,43,27
2020.07.31 16:00,26356.0,77,46,31
2020.07.31 16:50,26255.6,40,20,20
2020.07.31 17:30,26129.1,20,13,7
2020.07.31 17:35,26177.1,25,10,15
2020.07.31 18:20,26248.1,41,22,19
2020.07.31 18:35,26173.1,22,11,11
2020.07.31 18:40,26216.6,34,22,12
2020.07.31 19:25,26127.1,11,8,3
2020.07.31 19:55,26010.1,0,0,0
2020.07.31 20:10,26071.6,3,3,0
2020.07.31 20:15,26027.6,0,0,0
2020.07.31 20:50,26139.1,16,12,4
2020.07.31 20:55,26104.1,7,5,2
2020.07.31 21:00,26142.7,15,11,4
2020.07.31 22:35,26315.2,35,19,16
2020.07.31 22:40,26273.7,38,21,17
2020.07.31 23:05,26453.5,56,28,28
2020.07.31 23:25,26414.3,72,44,28
2020.08.03 01:15,26402.5,51,29,22
2020.08.03 01:35,26385.0,58,24,34
2020.08.03 01:50,26395.5,40,23,17
2020.08.03 02:10,26362.0,78,39,39
2020.08.03 02:30,26356.0,72,44,28
2020.08.03 03:00,26451.5,55,27,28
2020.08.03 03:10,26394.5,38,20,18
2020.08.03 03:15,26432.5,60,29,31
2020.08.03 03:25,26378.5,55,22,33
2020.08.03 04:00,26429.0,55,30,25
2020.08.03 04:05,26393.5,37,15,22
2020.08.03 04:35,26404.5,33,17,16
2020.08.03 05:30,26349.0,50,30,20
2020.08.03 05:40,26374.0,58,23,35
2020.08.03 06:10,26381.5,48,20,28
2020.08.03 07:05,26335.0,33,18,15
2020.08.03 07:10,26347.5,45,28,17
2020.08.03 07:35,26366.5,60,33,27
2020.08.03 08:05,26355.0,52,33,19
2020.08.03 08:45,26408.5,37,23,14
2020.08.03 09:30,26382.1,44,17,27
2020.08.03 09:40,26348.6,41,24,17
2020.08.03 09:45,26376.6,48,19,29
2020.08.03 10:05,26384.1,43,18,25
2020.08.03 11:40,26329.6,30,17,13
2020.08.03 12:05,26378.1,39,15,24
2020.08.03 13:10,26425.6,51,30,21
2020.08.03 13:15,26406.6,32,21,11
2020.08.03 13:55,26527.6,77,41,36
2020.08.03 14:25,26497.6,72,39,33
2020.08.03 15:20,26552.6,101,51,50
2020.08.03 15:35,26547.6,84,41,43
2020.08.03 16:40,26530.2,76,37,39
2020.08.03 16:45,26576.7,95,49,46
2020.08.03 17:30,26599.5,76,40,36
2020.08.03 18:40,26709.0,124,69,55
2020.08.03 19:40,26628.0,119,57,62
2020.08.03 20:05,26636.5,111,56,55
2020.08.03 20:25,26683.0,149,76,73
2020.08.03 20:30,26665.0,131,66,65
2020.08.03 20:35,26678.5,151,73,78
2020.08.03 21:00,26675.5,157,80,77
2020.08.03 21:05,26648.5,109,57,52
2020.08.03 21:50,26679.5,153,80,73
2020.08.03 22:15,26640.0,107,58,49
2020.08.03 22:45,26693.9,120,61,59
2020.08.03 22:50,26641.9,107,58,49
2020.08.03 22:55,26678.9,144,75,69
2020.08.03 23:05,26631.2,109,51,58
2020.08.04 00:15,26658.9,111,59,52
2020.08.04 00:25,26653.9,107,56,51
2020.08.04 00:45,26669.3,125,62,63
2020.08.04 00:50,26663.6,117,60,57
2020.08.04 01:30,26653.2,101,52,49
2020.08.04 01:40,26663.7,110,57,53
2020.08.04 02:20,26673.2,132,73,59
2020.08.04 02:25,26666.2,113,59,54
2020.08.04 02:35,26689.7,122,63,59
2020.08.04 02:55,26683.2,133,68,65
2020.08.04 03:10,26637.2,112,57,55
2020.08.04 03:50,26687.2,120,59,61
2020.08.04 05:10,26710.2,119,68,51
2020.08.04 05:50,26691.2,114,55,59
2020.08.04 06:40,26684.2,111,59,52
2020.08.04 07:00,26658.2,91,45,46
2020.08.04 07:55,26672.2,103,54,49
2020.08.04 09:05,26664.8,95,41,54
2020.08.04 09:15,26705.3,117,65,52
2020.08.04 09:20,26694.3,109,55,54
2020.08.04 09:40,26773.8,145,62,83
2020.08.04 10:10,26782.8,130,62,68
2020.08.04 10:30,26705.3,114,62,52
2020.08.04 10:35,26742.8,150,85,65
2020.08.04 13:20,26639.8,91,50,41
2020.08.04 14:00,26658.3,86,45,41
2020.08.04 15:00,26548.3,79,37,42
2020.08.04 16:30,26688.9,105,55,50
2020.08.04 16:40,26598.9,63,31,32
2020.08.04 18:05,26738.8,140,80,60
2020.08.04 18:25,26802.3,147,70,77
2020.08.04 18:30,26765.3,152,72,80
2020.08.04 19:15,26749.3,149,72,77
2020.08.04 19:40,26754.8,151,77,74
2020.08.04 19:45,26779.8,116,57,59
2020.08.04 20:45,26737.8,134,79,55
2020.08.04 21:10,26758.3,134,61,73
2020.08.04 21:15,26775.8,124,58,66
2020.08.04 22:00,26761.3,132,66,66
2020.08.04 22:05,26742.8,137,76,61
2020.08.04 22:10,26771.3,136,62,74
2020.08.04 22:15,26748.3,137,61,76
2020.08.04 22:25,26786.2,124,57,67
2020.08.04 22:30,26741.7,132,73,59
2020.08.04 23:05,26802.5,142,67,75
2020.08.04 23:10,26824.0,123,56,67
2020.08.04 23:25,26792.6,125,56,69
2020.08.04 23:40,26800.0,134,64,70
2020.08.05 00:00,26824.5,123,57,66
2020.08.05 00:45,26854.6,146,70,76
2020.08.05 01:50,26847.0,139,72,67
2020.08.05 03:20,26785.5,121,56,65
2020.08.05 03:55,26792.0,125,56,69
2020.08.05 04:05,26811.0,131,64,67
2020.08.05 04:10,26785.5,120,55,65
2020.08.05 04:35,26770.5,129,60,69
2020.08.05 06:05,26850.5,144,77,67
2020.08.05 07:00,26868.5,125,62,63
2020.08.05 08:30,26858.0,128,63,65
2020.08.05 08:45,26900.5,104,44,60
2020.08.05 09:00,26875.1,119,59,60
2020.08.05 09:05,26909.6,100,47,53
2020.08.05 10:50,27028.6,73,38,35
2020.08.05 11:30,26927.6,94,52,42
2020.08.05 12:20,26983.6,74,36,38
2020.08.05 12:25,27006.1,89,57,32
2020.08.05 13:00,27031.6,71,33,38
2020.08.05 13:15,27025.6,76,39,37
2020.08.05 13:20,27001.1,77,42,35
2020.08.05 13:25,27016.1,89,45,44
2020.08.05 13:35,26997.1,70,39,31
2020.08.05 13:40,27020.6,82,36,46
2020.08.05 13:50,26995.6,69,36,33
2020.08.05 13:55,27024.6,79,38,41
2020.08.05 14:15,27023.1,80,39,41
2020.08.05 14:35,27021.6,78,36,42
2020.08.05 14:55,27052.6,64,37,27
2020.08.05 15:15,26950.6,83,35,48
2020.08.05 15:40,27037.6,70,35,35
2020.08.05 16:00,26993.1,66,35,31
2020.08.05 16:05,27015.1,70,38,32
2020.08.05 17:20,27121.8,114,59,55
2020.08.05 17:35,27088.3,92,48,44
2020.08.05 17:45,27144.3,132,66,66
2020.08.05 17:55,27107.8,104,55,49
2020.08.05 18:35,27191.3,137,71,66
2020.08.05 19:30,27089.8,90,49,41
2020.08.05 20:10,27113.2,114,56,58
2020.08.05 20:15,27134.7,104,62,42
2020.08.05 20:20,27120.7,104,45,59
2020.08.05 20:25,27134.2,108,64,44
2020.08.05 20:35,27107.7,99,52,47
2020.08.05 20:40,27127.2,102,55,47
2020.08.05 20:50,27102.7,100,52,48
2020.08.05 21:40,27158.2,126,72,54
2020.08.05 21:55,27125.7,94,45,49
2020.08.05 22:05,27161.7,130,70,60
2020.08.05 22:10,27124.7,93,46,47
2020.08.05 22:35,27185.6,139,70,69
2020.08.05 22:55,27218.6,152,73,79
2020.08.05 23:15,27147.6,115,61,54
2020.08.06 00:05,27164.7,123,66,57
2020.08.06 00:35,27177.1,128,59,69
2020.08.06 01:45,27179.7,127,64,63
2020.08.06 02:25,27216.7,147,78,69
2020.08.06 02:45,27189.7,126,61,65
2020.08.06 02:50,27203.7,129,67,62
2020.08.06 03:30,27269.7,146,77,69
2020.08.06 04:25,27283.7,142,72,70
2020.08.06 04:55,27246.2,146,76,70
2020.08.06 05:00,27261.2,141,75,66
2020.08.06 05:10,27212.7,147,82,65
2020.08.06 05:45,27185.7,124,60,64
2020.08.06 05:50,27209.7,136,82,54
2020.08.06 06:30,27195.2,116,56,60
2020.08.06 07:20,27165.2,120,66,54
2020.08.06 07:35,27195.2,112,55,57
2020.08.06 07:40,27186.2,118,53,65
2020.08.06 07:50,27201.7,117,58,59
2020.08.06 07:55,27191.2,111,54,57
2020.08.06 08:30,27239.7,138,73,65
2020.08.06 08:40,27209.7,128,77,51
2020.08.06 08:50,27235.2,123,61,62
2020.08.06 08:55,27206.7,121,68,53
2020.08.06 09:05,27249.3,139,64,75
2020.08.06 09:40,27217.3,132,66,66
2020.08.06 11:15,27188.3,118,54,64
2020.08.06 12:10,27214.3,127,70,57
2020.08.06 12:15,27187.8,109,45,64
2020.08.06 12:55,27224.3,125,69,56
2020.08.06 13:55,27065.8,75,38,37
2020.08.06 14:25,27093.8,94,53,41
2020.08.06 14:30,27127.8,91,49,42
2020.08.06 14:55,27077.3,80,42,38
2020.08.06 15:05,27028.8,65,34,31
2020.08.06 16:10,27158.3,111,63,48
2020.08.06 16:15,27185.3,107,46,61
2020.08.06 17:00,27266.9,137,78,59
2020.08.06 17:05,27237.4,117,58,59
2020.08.06 17:10,27277.6,131,65,66
2020.08.06 17:15,27239.6,118,61,57
2020.08.06 17:30,27286.1,142,79,63
2020.08.06 17:55,27222.6,122,65,57
2020.08.06 18:00,27188.1,95,40,55
2020.08.06 18:20,27230.1,112,58,54
2020.08.06 18:40,27161.1,106,55,51
2020.08.06 19:30,27209.1,87,52,35
2020.08.06 20:00,27256.1,124,69,55
2020.08.06 20:15,27221.1,103,52,51
2020.08.06 20:25,27239.1,112,58,54
2020.08.06 20:50,27262.1,126,67,59
2020.08.06 20:55,27242.1,111,63,48
2020.08.06 21:50,27377.1,175,76,99
2020.08.06 22:20,27391.8,144,70,74
2020.08.06 22:25,27339.8,191,91,100
2020.08.06 22:30,27380.8,166,77,89
2020.08.06 22:55,27392.8,146,74,72
2020.08.06 23:00,27361.8,184,95,89
2020.08.06 23:05,27385.8,154,76,78
2020.08.06 23:20,27361.0,182,93,89
2020.08.07 00:40,27363.3,174,92,82
2020.08.07 00:45,27361.0,179,92,87
2020.08.07 00:50,27362.9,178,96,82
2020.08.07 01:15,27344.3,178,78,100
2020.08.07 03:10,27317.8,198,106,92
2020.08.07 04:05,27314.3,190,97,93
2020.08.07 04:30,27312.3,186,94,92
2020.08.07 04:50,27351.3,160,79,81
2020.08.07 05:30,27256.3,123,68,55
2020.08.07 05:55,27266.8,128,73,55
2020.08.07 06:00,27283.3,125,68,57
2020.08.07 06:10,27251.3,116,57,59
2020.08.07 06:40,27229.8,97,49,48
2020.08.07 07:00,27218.8,103,51,52
2020.08.07 09:05,27327.9,181,95,86
2020.08.07 09:10,27289.4,146,82,64
2020.08.07 09:25,27303.9,180,84,96
2020.08.07 09:30,27332.9,174,96,78
2020.08.07 10:10,27248.9,103,46,57
2020.08.07 10:40,27284.9,122,65,57
2020.08.07 11:00,27340.9,172,82,90
2020.08.07 11:10,27287.4,126,68,58
2020.08.07 11:15,27311.9,173,91,82
2020.08.07 12:30,27194.4,81,31,50
2020.08.07 13:10,27211.4,83,50,33
2020.08.07 13:25,27240.4,97,54,43
2020.08.07 13:30,27225.4,89,47,42
2020.08.07 14:00,27280.9,113,60,53
2020.08.07 14:30,27275.4,107,50,57
2020.08.07 14:40,27239.9,95,51,44
2020.08.07 14:45,27253.9,96,52,44
2020.08.07 16:40,27222.5,90,46,44
2020.08.07 16:50,27319.5,182,103,79
2020.08.07 17:05,27263.0,92,49,43
2020.08.07 17:10,27314.2,167,87,80
2020.08.07 17:20,27221.7,88,43,45
2020.08.07 18:10,27372.2,158,76,82
2020.08.07 18:45,27332.2,163,87,76
2020.08.07 19:00,27265.7,92,53,39
2020.08.07 20:10,27269.0,100,58,42
2020.08.07 20:55,27303.0,140,70,70
2020.08.07 21:00,27349.0,144,68,76
2020.08.07 21:25,27254.5,90,49,41
2020.08.07 21:35,27319.5,160,93,67
2020.08.07 21:40,27286.0,97,50,47
2020.08.07 22:05,27370.0,159,78,81
2020.08.07 22:30,27312.3,135,69,66
2020.08.07 22:50,27458.8,169,84,85
2020.08.07 22:55,27407.8,162,87,75
2020.08.07 23:25,27419.9,160,90,70
2020.08.07 23:40,27448.1,159,77,82
2020.08.07 23:45,27437.1,151,71,80
2020.08.07 23:50,27449.1,157,79,78
2020.08.10 02:25,27368.1,149,75,74
2020.08.10 03:00,27389.6,138,70,68
2020.08.10 03:15,27433.1,154,72,82
2020.08.10 03:40,27382.6,143,70,73
2020.08.10 03:50,27423.1,160,89,71
2020.08.10 04:15,27414.1,158,87,71
2020.08.10 04:20,27393.6,130,67,63
2020.08.10 04:45,27418.1,149,87,62
2020.08.10 05:25,27461.1,171,82,89
2020.08.10 05:30,27476.1,162,89,73
2020.08.10 05:35,27458.1,167,82,85
2020.08.10 05:40,27474.1,162,86,76
2020.08.10 05:45,27458.1,166,81,85
2020.08.10 06:00,27487.1,182,101,81
2020.08.10 06:30,27492.6,181,108,73
2020.08.10 06:40,27481.6,165,87,78
2020.08.10 07:05,27503.6,209,114,95
2020.08.10 07:10,27496.1,197,116,81
2020.08.10 07:40,27518.6,257,141,116
2020.08.10 08:20,27544.1,274,137,137
2020.08.10 08:55,27556.6,264,128,136
2020.08.10 09:15,27516.2,250,137,113
2020.08.10 09:20,27534.2,259,137,122
2020.08.10 10:20,27559.7,259,129,130
2020.08.10 11:00,27521.7,241,133,108
2020.08.10 11:10,27457.2,163,80,83
2020.08.10 11:35,27503.7,200,109,91
2020.08.10 13:15,27514.2,229,126,103
2020.08.10 13:30,27542.7,257,129,128
2020.08.10 13:45,27512.7,224,121,103
2020.08.10 14:55,27524.7,229,133,96
2020.08.10 15:15,27511.7,217,116,101
2020.08.10 15:20,27520.2,217,123,94
2020.08.10 15:55,27535.2,248,134,114
2020.08.10 17:05,27634.8,277,147,130
2020.08.10 17:35,27714.6,343,179,164
2020.08.10 18:00,27545.6,261,130,131
2020.08.10 19:15,27686.6,359,195,164
2020.08.10 19:20,27708.1,350,158,192
2020.08.10 19:30,27675.1,334,183,151
2020.08.10 19:45,27720.3,339,181,158
2020.08.10 19:50,27691.3,366,179,187
2020.08.10 20:05,27722.8,355,188,167
2020.08.10 20:40,27715.3,341,181,160
2020.08.10 20:45,27694.3,364,168,196
2020.08.10 21:10,27709.3,347,167,180
2020.08.10 22:05,27795.3,399,203,196
2020.08.10 22:15,27761.8,331,156,175
2020.08.10 22:55,27802.0,415,221,194
2020.08.10 23:35,27781.3,340,191,149
2020.08.11 00:55,27749.2,361,163,198
2020.08.11 01:15,27749.3,360,162,198
2020.08.11 02:55,27783.8,334,190,144
2020.08.11 03:45,27765.8,314,159,155
2020.08.11 05:35,27858.8,363,173,190
2020.08.11 05:40,27840.3,365,171,194
2020.08.11 05:45,27856.3,350,171,179
2020.08.11 06:05,27867.8,385,199,186
2020.08.11 07:00,27863.3,365,189,176
2020.08.11 07:05,27880.3,415,205,210
2020.08.11 07:35,27849.3,360,185,175
2020.08.11 08:20,27880.3,414,205,209
2020.08.11 09:40,27868.4,372,195,177
2020.08.11 09:50,27840.4,359,170,189
2020.08.11 12:05,28033.4,296,144,152
2020.08.11 12:40,28050.9,259,122,137
2020.08.11 12:45,28072.9,248,129,119
2020.08.11 13:00,28034.4,283,141,142
2020.08.11 13:05,28056.9,272,139,133
2020.08.11 13:10,28039.9,288,127,161
2020.08.11 13:15,28065.4,243,128,115
2020.08.11 13:20,28042.4,291,134,157
2020.08.11 13:25,28062.4,258,132,126
2020.08.11 14:00,28008.9,248,119,129
2020.08.11 14:30,28048.4,259,126,133
2020.08.11 14:50,28058.4,267,143,124
2020.08.11 14:55,28027.9,272,140,132
2020.08.11 15:05,28064.4,247,130,117
2020.08.11 15:10,28047.4,259,118,141
2020.08.11 16:25,28063.4,250,130,120
2020.08.11 16:45,28155.0,227,114,113
2020.08.11 18:10,28085.3,260,138,122
2020.08.11 18:20,28129.8,274,141,133
2020.08.11 18:50,28025.8,273,139,134
2020.08.11 19:05,28023.3,264,133,131
2020.08.11 19:30,28080.8,250,131,119
2020.08.11 19:55,28021.1,265,133,132
2020.08.11 20:25,28102.6,247,115,132
2020.08.11 22:20,27752.6,335,158,177
2020.08.11 23:00,27627.0,282,146,136
2020.08.11 23:45,27736.5,357,169,188
2020.08.12 00:10,27741.9,351,164,187
2020.08.12 00:15,27758.7,315,145,170
2020.08.12 01:25,27724.0,340,171,169
2020.08.12 01:35,27760.5,298,136,162
2020.08.12 01:45,27718.5,325,167,158
2020.08.12 02:15,27709.5,341,162,179
2020.08.12 02:40,27773.0,317,181,136
2020.08.12 03:55,27695.5,350,166,184
2020.08.12 04:50,27731.5,349,173,176
2020.08.12 05:05,27781.0,327,183,144
2020.08.12 05:20,27695.0,357,169,188
2020.08.12 05:25,27743.5,323,155,168
2020.08.12 05:30,27719.5,304,157,147
2020.08.12 05:40,27766.5,290,148,142
2020.08.12 05:50,27728.5,337,176,161
2020.08.12 06:20,27751.5,304,137,167
2020.08.12 06:25,27719.0,318,160,158
2020.08.12 07:00,27758.5,287,134,153
2020.08.12 07:05,27745.0,305,146,159
2020.08.12 07:15,27761.5,280,131,149
2020.08.12 07:45,27759.5,278,128,150
2020.08.12 08:00,27704.5,330,152,178
2020.08.12 08:15,27712.5,324,154,170
2020.08.12 08:45,27781.0,326,183,143
2020.08.12 11:00,27979.6,300,158,142
2020.08.12 11:10,27927.6,399,203,196
2020.08.12 11:20,27966.1,286,143,143
2020.08.12 11:40,27950.6,402,193,209
2020.08.12 12:50,27953.1,380,173,207
2020.08.12 12:55,27933.6,432,213,219
2020.08.12 13:50,27950.6,393,189,204
2020.08.12 13:55,27963.1,294,144,150
2020.08.12 14:15,27959.1,313,135,178
2020.08.12 14:25,27923.1,383,206,177
2020.08.12 14:30,27955.1,371,166,205
2020.08.12 14:40,27926.1,387,194,193
2020.08.12 15:45,27999.1,244,109,135
2020.08.12 16:00,28011.1,243,125,118
2020.08.12 16:15,27974.6,283,150,133
2020.08.12 16:20,27991.6,276,131,145
2020.08.12 17:05,27930.2,409,203,206
2020.08.12 17:10,27890.4,395,199,196
2020.08.12 17:30,27971.9,280,146,134
2020.08.12 17:35,27938.4,396,201,195
2020.08.12 17:40,27972.4,283,150,133
2020.08.12 18:30,27962.4,277,138,139
2020.08.12 18:50,27887.4,404,200,204
2020.08.12 19:05,27937.4,386,198,188
2020.08.12 19:10,27916.4,353,179,174
2020.08.12 19:25,27932.9,405,202,203
2020.08.12 19:40,27961.2,283,140,143
2020.08.12 21:00,27966.2,267,137,130
2020.08.12 22:25,28044.8,245,119,126
2020.08.12 22:35,27967.8,266,134,132
2020.08.12 22:40,28020.8,256,133,123
2020.08.12 23:25,27951.2,349,171,178
2020.08.12 23:55,27932.1,391,197,194
2020.08.13 00:00,27942.9,378,179,199
2020.08.13 00:20,27942.6,378,181,197
2020.08.13 00:45,27938.5,366,183,183
2020.08.13 00:50,27942.7,375,178,197
2020.08.13 01:25,27935.1,390,185,205
2020.08.13 02:10,27929.6,385,189,196
2020.08.13 02:25,27940.1,355,183,172
2020.08.13 02:40,27962.6,270,138,132
2020.08.13 04:30,27957.6,305,138,167
2020.08.13 04:45,27917.6,338,169,169
2020.08.13 04:50,27941.1,351,177,174
2020.08.13 04:55,27921.1,345,185,160
2020.08.13 05:10,27908.6,364,170,194
2020.08.13 05:40,27958.1,300,136,164
2020.08.13 05:45,27936.1,352,174,178
2020.08.13 06:20,27960.1,274,127,147
2020.08.13 06:35,27924.6,350,179,171
2020.08.13 06:45,27946.6,321,159,162
2020.08.13 07:20,27953.1,314,149,165
2020.08.13 07:25,27945.1,321,161,160
2020.08.13 07:45,27950.1,314,162,152
2020.08.13 07:50,27961.6,268,134,134
2020.08.13 08:10,27922.1,343,185,158
2020.08.13 08:25,27949.1,310,163,147
2020.08.13 09:35,27913.7,350,177,173
2020.08.13 09:40,27895.7,365,173,192
2020.08.13 10:10,27956.7,299,141,158
2020.08.13 10:40,27941.7,335,165,170
2020.08.13 11:30,27883.7,403,204,199
2020.08.13 11:50,27942.7,336,161,175
2020.08.13 12:05,27933.7,359,174,185
2020.08.13 12:40,27901.2,333,152,181
2020.08.13 12:50,27920.7,317,162,155
2020.08.13 12:55,27903.7,336,170,166
2020.08.13 13:15,27908.7,342,155,187
2020.08.13 13:40,27944.2,320,158,162
2020.08.13 13:55,27919.7,311,157,154
2020.08.13 14:05,27938.7,317,158,159
2020.08.13 14:45,27916.2,310,157,153
2020.08.13 15:00,27892.2,392,189,203
2020.08.13 15:10,27921.2,310,163,147
2020.08.13 15:40,27965.7,257,129,128
2020.08.13 16:20,27910.7,325,147,178
2020.08.13 18:15,27946.2,303,153,150
2020.08.13 18:20,27921.7,301,160,141
2020.08.13 18:25,27941.7,317,157,160
2020.08.13 18:35,27898.2,325,153,172
2020.08.13 19:10,27948.7,291,150,141
2020.08.13 19:25,27916.2,291,146,145
2020.08.13 19:45,27947.9,298,150,148
2020.08.13 19:55,27933.4,329,167,162
2020.08.13 20:00,27962.9,264,136,128
2020.08.13 20:50,27938.9,300,149,151
2020.08.13 21:20,27811.9,417,220,197
2020.08.13 21:35,27817.4,432,204,228
2020.08.13 21:45,27887.9,392,186,206
2020.08.13 22:45,27857.6,315,149,166
2020.08.13 22:55,27906.1,310,147,163
2020.08.13 23:50,27921.4,286,154,132
2020.08.14 02:50,27976.4,260,143,117
2020.08.14 03:10,27980.4,271,148,123
2020.08.14 03:30,27939.9,294,152,142
2020.08.14 03:35,27953.4,293,137,156
2020.08.14 03:55,27920.9,276,145,131
2020.08.14 04:50,27957.9,278,130,148
2020.08.14 05:00,27926.9,285,139,146
2020.08.14 05:15,27954.4,293,135,158
2020.08.14 06:05,27909.9,292,130,162
2020.08.14 06:30,27915.4,271,136,135
2020.08.14 07:40,27947.4,277,145,132
2020.08.14 08:05,27947.4,276,145,131
2020.08.14 08:25,27957.9,277,130,147
2020.08.14 08:35,27940.9,277,139,138
2020.08.14 08:55,27961.9,253,128,125
2020.08.14 09:15,27987.5,273,131,142
2020.08.14 09:50,27981.5,273,151,122
2020.08.14 10:25,27903.0,300,146,154
2020.08.14 10:50,27766.0,278,141,137
2020.08.14 10:55,27812.5,412,215,197
2020.08.14 11:50,27678.0,337,185,152
2020.08.14 11:55,27711.0,324,150,174
2020.08.14 13:10,27727.5,319,163,156
2020.08.14 14:00,27787.5,324,183,141
2020.08.14 14:45,27845.5,334,171,163
2020.08.14 14:50,27809.0,397,198,199
2020.08.14 15:10,27793.5,359,198,161
2020.08.14 16:20,27817.0,414,193,221
2020.08.14 17:45,27894.2,336,157,179
2020.08.14 18:00,27852.7,315,153,162
2020.08.14 18:50,27904.2,300,151,149
2020.08.14 19:15,27965.7,242,122,120
2020.08.14 21:25,27919.9,249,125,124
2020.08.14 21:30,27949.4,254,130,124
2020.08.14 22:00,27873.9,357,195,162
2020.08.14 22:05,27908.9,279,124,155
2020.08.14 22:35,27829.7,391,186,205
2020.08.14 23:10,27861.5,311,154,157
2020.08.14 23:20,27889.7,348,168,180
2020.08.14 23:45,27896.5,316,150,166
2020.08.14 23:50,27883.5,359,186,173
2020.08.17 01:15,27924.0,251,130,121
2020.08.17 01:25,27906.0,288,133,155
2020.08.17 01:35,27929.0,257,129,128
2020.08.17 01:40,27914.5,250,123,127
2020.08.17 02:20,27929.0,255,129,126
2020.08.17 02:25,27919.5,231,117,114
2020.08.17 02:35,27941.5,261,128,133
2020.08.17 02:40,27926.5,245,122,123
2020.08.17 02:55,27954.5,269,124,145
2020.08.17 03:00,27934.5,265,131,134
2020.08.17 03:25,27961.0,241,122,119
2020.08.17 04:20,27954.0,262,131,131
2020.08.17 04:35,27934.0,261,128,133
2020.08.17 04:50,27957.5,252,121,131
2020.08.17 04:55,27946.0,247,125,122
2020.08.17 05:20,28001.0,241,105,136
2020.08.17 06:15,27976.5,248,139,109
2020.08.17 06:20,27986.0,266,134,132
2020.08.17 06:55,27981.0,264,144,120
2020.08.17 08:00,27963.5,236,119,117
2020.08.17 08:30,27944.5,246,125,121
2020.08.17 08:50,27944.0,248,121,127
2020.08.17 09:50,27950.1,239,122,117
2020.08.17 10:20,27877.6,349,182,167
2020.08.17 10:30,27959.1,231,109,122
2020.08.17 10:55,27969.6,225,116,109
2020.08.17 11:25,27898.1,295,137,158
2020.08.17 12:20,27984.1,257,137,120
2020.08.17 12:50,27930.1,240,120,120
2020.08.17 12:55,27946.1,226,115,111
2020.08.17 13:50,27910.6,265,113,152
2020.08.17 14:05,27940.1,228,121,107
2020.08.17 14:15,27920.1,216,106,110
2020.08.17 15:00,27923.1,215,107,108
2020.08.17 15:05,27934.6,220,110,110
2020.08.17 15:10,27925.1,212,100,112
2020.08.17 15:20,27947.1,224,117,107
2020.08.17 17:05,27835.2,377,181,196
2020.08.17 17:10,27862.5,305,160,145
2020.08.17 17:15,27813.0,398,208,190
2020.08.17 18:20,27906.0,280,128,152
2020.08.17 18:45,27844.0,321,161,160
2020.08.17 19:15,27850.0,313,153,160
2020.08.17 20:15,27882.9,338,178,160
2020.08.17 21:30,27884.4,341,171,170
2020.08.17 21:50,27847.4,309,156,153
2020.08.17 23:25,27830.0,381,179,202
2020.08.17 23:30,27850.8,297,142,155
2020.08.18 00:00,27830.0,380,178,202
2020.08.18 00:10,27835.7,360,170,190
2020.08.18 00:15,27833.0,370,180,190
2020.08.18 01:10,27820.3,404,191,213
2020.08.18 02:30,27901.8,272,129,143
2020.08.18 02:35,27887.8,335,162,173
2020.08.18 03:05,27913.8,239,114,125
2020.08.18 03:15,27880.8,328,163,165
2020.08.18 03:45,27879.8,324,162,162
2020.08.18 03:50,27897.8,286,134,152
2020.08.18 04:40,27832.3,365,185,180
2020.08.18 04:55,27857.3,276,133,143
2020.08.18 05:25,27828.8,379,184,195
2020.08.18 05:30,27813.8,399,204,195
2020.08.18 05:35,27831.3,362,178,184
2020.08.18 06:15,27831.8,359,179,180
2020.08.18 06:20,27816.3,396,184,212
2020.08.18 06:40,27840.3,311,143,168
2020.08.18 07:10,27825.8,372,191,181
2020.08.18 07:20,27840.3,310,143,167
2020.08.18 08:05,27817.8,398,186,212
2020.08.18 08:35,27843.3,299,144,155
2020.08.18 09:45,27766.4,277,140,137
2020.08.18 09:50,27785.4,305,173,132
2020.08.18 10:15,27721.4,303,158,145
2020.08.18 10:50,27775.4,293,162,131
2020.08.18 11:20,27867.9,294,152,142
2020.08.18 11:25,27841.9,297,141,156
2020.08.18 11:30,27867.4,283,147,136
2020.08.18 11:50,27831.9,341,170,171
2020.08.18 12:20,27897.4,287,136,151
2020.08.18 12:30,27867.9,292,150,142
2020.08.18 12:35,27888.9,326,161,165
2020.08.18 12:45,27863.9,283,148,135
2020.08.18 14:00,27968.9,219,115,104
2020.08.18 14:35,27890.9,313,150,163
2020.08.18 14:55,27865.9,278,142,136
2020.08.18 15:30,27893.9,294,140,154
2020.08.18 15:35,27877.9,314,163,151
2020.08.18 15:40,27892.9,295,143,152
2020.08.18 15:45,27868.9,291,153,138
2020.08.18 15:50,27896.9,273,133,140
2020.08.18 16:35,27824.5,379,198,181
2020.08.18 16:45,27888.5,314,156,158
2020.08.18 17:10,27722.5,310,160,150
2020.08.18 17:15,27766.5,270,138,132
2020.08.18 17:30,27664.0,277,145,132
2020.08.18 18:00,27773.5,289,162,127
2020.08.18 18:05,27749.5,278,121,157
2020.08.18 18:30,27819.5,378,176,202
2020.08.18 19:00,27821.5,377,177,200
2020.08.18 19:20,27781.5,294,164,130
2020.08.18 19:55,27831.4,335,166,169
2020.08.18 20:00,27818.9,380,181,199
2020.08.18 20:10,27840.9,298,142,156
2020.08.18 20:50,27845.9,281,141,140
2020.08.18 21:00,27815.9,370,177,193
2020.08.18 21:15,27813.9,369,188,181
2020.08.18 21:20,27833.4,331,165,166
2020.08.18 21:55,27828.4,336,164,172
2020.08.18 22:05,27787.4,298,168,130
2020.08.18 22:25,27764.9,259,127,132
2020.08.18 22:45,27792.4,319,176,143
2020.08.18 23:30,27762.2,255,119,136
2020.08.18 23:55,27798.2,340,170,170
2020.08.19 00:15,27789.4,301,159,142
2020.08.19 01:25,27790.7,303,161,142
2020.08.19 01:35,27782.2,278,163,115
2020.08.19 01:55,27798.7,344,179,165
2020.08.19 02:10,27807.7,350,165,185
2020.08.19 02:15,27796.2,321,169,152
2020.08.19 02:30,27809.2,349,170,179
2020.08.19 02:50,27787.7,286,163,123
2020.08.19 03:35,27763.7,244,116,128
2020.08.19 03:40,27783.2,271,156,115
2020.08.19 04:30,27807.2,345,160,185
2020.08.19 04:35,27826.2,339,177,162
2020.08.19 04:45,27805.7,348,169,179
2020.08.19 04:50,27821.7,358,174,184
2020.08.19 05:05,27820.2,353,169,184
2020.08.19 05:10,27806.7,341,160,181
2020.08.19 05:25,27818.2,359,180,179
2020.08.19 05:30,27809.2,339,160,179
2020.08.19 05:35,27819.7,358,172,186
2020.08.19 05:55,27799.7,347,179,168
2020.08.19 07:00,27823.7,348,178,170
2020.08.19 07:30,27796.2,316,167,149
2020.08.19 07:50,27801.2,342,174,168
2020.08.19 08:10,27810.7,334,165,169
2020.08.19 08:15,27822.7,350,171,179
2020.08.19 08:25,27808.2,330,152,178
2020.08.19 08:30,27821.2,351,170,181
2020.08.19 08:45,27785.7,267,149,118
2020.08.19 09:10,27791.3,293,155,138
2020.08.19 09:20,27819.3,341,163,178
2020.08.19 09:30,27797.8,322,162,160
2020.08.19 09:35,27806.3,324,155,169
2020.08.19 10:05,27758.8,251,118,133
2020.08.19 10:10,27787.8,269,153,116
2020.08.19 10:20,27730.8,311,148,163
2020.08.19 10:55,27830.8,329,158,171
2020.08.19 11:25,27824.8,345,185,160
2020.08.19 11:55,27815.8,327,166,161
2020.08.19 12:00,27796.8,307,160,147
2020.08.19 12:10,27824.3,349,183,166
2020.08.19 12:15,27809.3,308,148,160
2020.08.19 12:35,27836.3,319,152,167
2020.08.19 12:55,27835.3,323,160,163
2020.08.19 13:55,27840.3,293,137,156
2020.08.19 14:00,27831.3,314,157,157
2020.08.19 14:05,27839.3,297,140,157
2020.08.19 14:30,27810.3,309,152,157
2020.08.19 14:40,27825.8,321,166,155
2020.08.19 15:00,27830.3,318,154,164
2020.08.19 16:25,27831.8,315,159,156
2020.08.19 16:30,27785.4,257,142,115
2020.08.19 17:00,27918.9,200,98,102
2020.08.19 17:20,27859.7,260,122,138
2020.08.19 17:45,27895.0,282,133,149
2020.08.19 18:10,27866.7,269,144,125
2020.08.19 18:20,27828.2,313,158,155
2020.08.19 18:35,27885.2,293,144,149
2020.08.19 20:10,27841.3,279,129,150
2020.08.19 20:15,27829.8,310,152,158
2020.08.19 20:20,27842.8,269,125,144
2020.08.19 21:25,27811.8,296,156,140
2020.08.19 22:50,27646.6,258,114,144
2020.08.19 22:55,27712.6,310,149,161
2020.08.19 23:00,27671.4,301,160,141
2020.08.19 23:50,27689.9,342,179,163
2020.08.20 00:00,27671.1,300,156,144
2020.08.20 00:10,27674.1,314,170,144
2020.08.20 00:55,27697.6,337,152,185
2020.08.20 01:15,27693.4,336,155,181
2020.08.20 01:30,27680.9,342,183,159
2020.08.20 01:35,27689.9,334,174,160
2020.08.20 02:10,27656.9,263,135,128
2020.08.20 02:20,27673.4,305,163,142
2020.08.20 02:45,27651.9,276,139,137
2020.08.20 03:10,27608.9,257,143,114
2020.08.20 03:55,27620.4,283,155,128
2020.08.20 05:00,27516.4,213,113,100
2020.08.20 05:10,27538.9,251,132,119
2020.08.20 05:15,27523.4,208,120,88
2020.08.20 05:20,27534.9,239,131,108
2020.08.20 05:40,27457.4,163,81,82
2020.08.20 06:10,27488.9,162,89,73
2020.08.20 06:15,27518.9,211,116,95
2020.08.20 06:20,27493.4,171,102,69
2020.08.20 06:35,27529.4,221,118,103
2020.08.20 06:40,27516.4,208,110,98
2020.08.20 07:15,27571.4,251,130,121
2020.08.20 07:20,27555.9,252,124,128
2020.08.20 07:55,27531.4,228,123,105
2020.08.20 08:10,27575.9,256,135,121
2020.08.20 08:50,27538.9,245,130,115
2020.08.20 08:55,27508.9,196,116,80
2020.08.20 09:45,27560.5,239,123,116
2020.08.20 09:55,27597.0,246,123,123
2020.08.20 10:00,27541.0,246,132,114
2020.08.20 10:40,27657.0,260,136,124
2020.08.20 10:50,27611.0,253,142,111
2020.08.20 10:55,27637.5,261,133,128
2020.08.20 11:05,27581.5,247,125,122
2020.08.20 11:10,27616.5,262,143,119
2020.08.20 12:10,27616.5,261,143,118
2020.08.20 13:45,27605.5,238,127,111
2020.08.20 14:05,27636.5,254,121,133
2020.08.20 14:10,27650.5,260,131,129
2020.08.20 14:35,27646.0,240,112,128
2020.08.20 15:20,27549.5,244,116,128
2020.08.20 15:25,27595.5,231,113,118
2020.08.20 15:35,27558.5,232,109,123
2020.08.20 16:20,27540.0,244,129,115
2020.08.20 16:35,27604.6,234,125,109
2020.08.20 16:40,27534.6,228,124,104
2020.08.20 17:05,27590.1,223,120,103
2020.08.20 17:50,27710.8,310,144,166
2020.08.20 19:20,27702.3,305,139,166
2020.08.20 19:35,27706.3,312,136,176
2020.08.20 19:40,27720.3,290,153,137
2020.08.20 20:35,27737.8,298,137,161
2020.08.20 21:30,27744.3,267,124,143
2020.08.20 22:30,27701.4,306,141,165
2020.08.20 22:45,27780.9,262,147,115
2020.08.20 23:25,27711.0,292,133,159
2020.08.21 00:00,27735.7,284,127,157
2020.08.21 02:35,27776.1,244,135,109
2020.08.21 04:10,27795.1,287,157,130
2020.08.21 04:15,27814.6,299,157,142
2020.08.21 04:35,27766.1,235,114,121
2020.08.21 05:35,27785.6,238,134,104
2020.08.21 05:45,27770.1,227,119,108
2020.08.21 06:15,27785.6,235,132,103
2020.08.21 06:50,27789.6,250,135,115
2020.08.21 07:25,27788.1,240,137,103
2020.08.21 07:30,27804.1,283,148,135
2020.08.21 07:40,27790.1,258,137,121
2020.08.21 08:45,27763.6,225,101,124
2020.08.21 10:20,27697.7,325,149,176
2020.08.21 11:05,27706.2,293,125,168
2020.08.21 11:40,27691.2,319,157,162
2020.08.21 12:10,27735.7,275,124,151
2020.08.21 12:15,27716.7,270,140,130
2020.08.21 12:25,27742.2,258,122,136
2020.08.21 12:50,27748.7,253,110,143
2020.08.21 13:15,27747.2,250,106,144
2020.08.21 13:50,27659.7,256,136,120
2020.08.21 14:00,27683.2,320,178,142
2020.08.21 14:05,27666.2,268,140,128
2020.08.21 15:40,27638.2,244,117,127
2020.08.21 15:45,27615.7,247,133,114
2020.08.21 15:55,27646.7,228,104,124
2020.08.21 16:00,27600.2,225,124,101
2020.08.21 17:20,27753.3,241,111,130
2020.08.21 18:00,27771.8,206,112,94
2020.08.21 18:10,27838.8,280,127,153
2020.08.21 19:00,27760.3,218,96,122
2020.08.21 19:20,27834.3,302,151,151
2020.08.21 19:45,27851.6,256,123,133
2020.08.21 20:00,27824.6,291,158,133
2020.08.21 20:15,27871.1,279,160,119
2020.08.21 20:25,27832.1,295,152,143
2020.08.21 20:45,27895.1,279,133,146
2020.08.21 21:35,27930.1,209,103,106
2020.08.21 22:10,27959.1,217,105,112
2020.08.21 22:30,27928.1,197,97,100
2020.08.21 22:35,27948.1,214,112,102
2020.08.21 22:55,27952.6,219,111,108
2020.08.21 23:35,27924.4,190,93,97
2020.08.21 23:50,27904.4,267,136,131
2020.08.24 02:10,27995.4,242,129,113
2020.08.24 02:20,27983.9,247,134,113
2020.08.24 02:25,27992.4,247,124,123
2020.08.24 03:20,27970.9,207,112,95
2020.08.24 04:25,27988.9,253,119,134
2020.08.24 04:30,27975.9,220,126,94
2020.08.24 04:40,28007.4,240,118,122
2020.08.24 04:50,27981.4,245,136,109
2020.08.24 06:10,27995.9,228,120,108
2020.08.24 06:50,27993.9,231,125,106
2020.08.24 07:45,27983.9,236,130,106
2020.08.24 07:50,27976.4,219,126,93
2020.08.24 08:10,27980.9,229,126,103
2020.08.24 09:20,28025.5,259,130,129
2020.08.24 09:35,28052.5,232,113,119
2020.08.24 09:40,28037.0,266,122,144
2020.08.24 10:10,28099.0,259,117,142
2020.08.24 11:55,28136.0,285,132,153
2020.08.24 12:15,28117.5,247,129,118
2020.08.24 12:45,28152.5,241,116,125
2020.08.24 12:55,28132.0,278,130,148
2020.08.24 13:40,28189.0,385,209,176
2020.08.24 13:45,28171.0,248,144,104
2020.08.24 13:55,28192.0,385,202,183
2020.08.24 14:05,28173.5,262,149,113
2020.08.24 14:50,28181.5,320,182,138
2020.08.24 15:25,28177.0,287,158,129
2020.08.24 15:30,28184.5,339,186,153
2020.08.24 15:55,28171.5,256,150,106
2020.08.24 16:45,28039.1,255,113,142
2020.08.24 18:20,28225.4,249,128,121
2020.08.24 19:05,28169.4,238,132,106
2020.08.24 19:30,28171.4,246,143,103
2020.08.24 19:35,28193.4,360,196,164
2020.08.24 19:55,28167.3,226,119,107
2020.08.24 20:20,28174.8,249,138,111
2020.08.24 20:25,28192.3,359,196,163
2020.08.24 20:30,28174.8,248,137,111
2020.08.24 20:50,28166.8,223,116,107
2020.08.24 21:45,28179.8,266,150,116
2020.08.24 23:30,28304.4,401,213,188
2020.08.24 23:45,28280.4,352,173,179
2020.08.25 00:35,28307.1,402,206,196
2020.08.25 01:25,28284.9,365,188,177
2020.08.25 01:30,28278.9,339,169,170
2020.08.25 01:35,28291.9,377,192,185
2020.08.25 02:00,28296.4,392,193,199
2020.08.25 02:10,28277.4,336,169,167
2020.08.25 02:55,28344.9,325,143,182
2020.08.25 03:50,28362.4,249,115,134
2020.08.25 04:40,28437.4,236,117,119
2020.08.25 04:45,28424.4,241,111,130
2020.08.25 06:05,28437.9,233,115,118
2020.08.25 06:25,28431.9,231,109,122
2020.08.25 06:40,28465.9,274,128,146
2020.08.25 07:25,28454.9,262,123,139
2020.08.25 08:55,28428.4,222,110,112
2020.08.25 09:20,28487.0,217,109,108
2020.08.25 09:40,28442.0,233,119,114
2020.08.25 10:25,28530.0,237,124,113
2020.08.25 10:50,28526.0,221,119,102
2020.08.25 11:10,28445.5,248,116,132
2020.08.25 11:15,28462.5,252,117,135
2020.08.25 11:35,28404.5,248,120,128
2020.08.25 11:40,28421.5,256,119,137
2020.08.25 11:45,28407.5,248,119,129
2020.08.25 12:00,28396.0,274,130,144
2020.08.25 12:25,28447.5,256,127,129
2020.08.25 12:30,28435.0,213,105,108
2020.08.25 12:55,28453.5,253,124,129
2020.08.25 14:50,28500.0,218,104,114
2020.08.25 15:05,28509.0,210,107,103
2020.08.25 16:15,28412.0,247,119,128
2020.08.25 16:20,28443.5,220,113,107
2020.08.25 16:40,28261.6,351,171,180
2020.08.25 16:50,28327.1,359,177,182
2020.08.25 17:10,28189.1,336,189,147
2020.08.25 17:20,28268.1,322,162,160
2020.08.25 18:55,28144.8,243,120,123
2020.08.25 19:00,28112.8,230,122,108
2020.08.25 19:05,28143.4,242,116,126
2020.08.25 19:45,28176.8,247,131,116
2020.08.25 21:00,28163.3,209,108,101
2020.08.25 21:10,28204.3,345,156,189
2020.08.25 21:15,28149.8,230,118,112
2020.08.25 23:05,28260.2,346,180,166
2020.08.25 23:15,28233.5,256,132,124
2020.08.26 00:00,28237.3,272,148,124
2020.08.26 00:05,28242.7,289,151,138
2020.08.26 00:25,28231.3,245,125,120
2020.08.26 01:00,28248.7,307,167,140
2020.08.26 01:05,28237.2,266,144,122
2020.08.26 01:55,28248.7,305,167,138
2020.08.26 02:00,28238.2,266,148,118
2020.08.26 03:00,28231.7,248,125,123
2020.08.26 03:10,28268.2,322,164,158
2020.08.26 03:40,28215.7,283,137,146
2020.08.26 03:45,28235.7,252,132,120
2020.08.26 04:50,28206.2,331,152,179
2020.08.26 05:00,28185.7,280,151,129
2020.08.26 05:05,28198.7,331,175,156
2020.08.26 05:10,28184.7,274,150,124
2020.08.26 05:30,28214.7,287,136,151
2020.08.26 05:35,28197.2,324,168,156
2020.08.26 06:05,28193.2,315,176,139
2020.08.26 06:30,28179.2,243,128,115
2020.08.26 07:25,28201.2,321,165,156
2020.08.26 07:55,28205.2,321,147,174
2020.08.26 08:05,28228.2,239,127,112
2020.08.26 08:20,28219.2,277,126,151
2020.08.26 08:50,28208.2,309,138,171
2020.08.26 09:45,28209.8,301,140,161
2020.08.26 10:00,28145.3,236,117,119
2020.08.26 10:35,28225.3,229,119,110
2020.08.26 10:40,28210.3,299,136,163
2020.08.26 10:45,28232.3,245,129,116
2020.08.26 11:20,28220.8,248,118,130
2020.08.26 11:25,28206.8,301,133,168
2020.08.26 11:55,28203.8,304,146,158
2020.08.26 12:20,28221.3,241,118,123
2020.08.26 12:55,28174.8,219,118,101
2020.08.26 13:05,28202.3,309,159,150
2020.08.26 13:40,28200.3,298,156,142
2020.08.26 13:45,28187.3,271,148,123
2020.08.26 13:50,28200.3,297,156,141
2020.08.26 14:10,28180.8,238,127,111
2020.08.26 15:30,28201.3,297,154,143
2020.08.26 15:45,28199.8,293,152,141
2020.08.26 16:35,28193.4,281,155,126
2020.08.26 16:40,28248.4,296,161,135
2020.08.26 16:45,28178.9,228,114,114
2020.08.26 17:10,28241.6,265,143,122
2020.08.26 17:25,28188.1,276,154,122
2020.08.26 17:35,28225.6,217,111,106
2020.08.26 18:10,28206.6,280,121,159
2020.08.26 18:30,28206.6,279,121,158
2020.08.26 18:35,28180.6,224,119,105
2020.08.26 18:50,28240.6,267,147,120
2020.08.26 19:25,28273.6,320,162,158
2020.08.26 19:35,28240.6,264,145,119
2020.08.26 20:00,28288.0,368,191,177
2020.08.26 21:45,28274.0,313,158,155
2020.08.26 21:50,28311.0,384,198,186
2020.08.26 22:00,28259.5,323,167,156
2020.08.26 22:25,28352.3,284,122,162
2020.08.26 22:40,28289.8,360,191,169
2020.08.26 23:25,28343.0,328,142,186
2020.08.27 00:45,28352.6,275,119,156
2020.08.27 01:10,28322.1,378,192,186
2020.08.27 01:30,28322.1,377,191,186
2020.08.27 01:40,28348.6,293,137,156
2020.08.27 02:05,28345.1,311,136,175
2020.08.27 02:35,28326.1,357,181,176
2020.08.27 03:25,28327.6,343,169,174
2020.08.27 04:50,28297.6,366,181,185
2020.08.27 06:40,28304.6,377,200,177
2020.08.27 07:10,28301.1,379,200,179
2020.08.27 07:20,28317.6,367,188,179
2020.08.27 08:15,28298.6,361,182,179
2020.08.27 08:25,28318.1,367,184,183
2020.08.27 09:25,28278.7,311,155,156
2020.08.27 10:10,28261.2,321,157,164
2020.08.27 10:20,28299.7,359,185,174
2020.08.27 11:15,28274.7,311,155,156
2020.08.27 12:25,28230.2,223,117,106
2020.08.27 12:45,28255.2,305,157,148
2020.08.27 13:05,28279.2,307,153,154
2020.08.27 13:10,28269.7,306,149,157
2020.08.27 14:00,28288.2,333,173,160
2020.08.27 16:20,28475.2,224,117,107
2020.08.27 16:55,28605.3,114,54,60
2020.08.27 17:10,28446.5,227,105,122
2020.08.27 17:45,28548.5,222,101,121
2020.08.27 18:00,28637.5,152,81,71
2020.08.27 18:30,28512.5,214,111,103
2020.08.27 18:45,28613.0,118,65,53
2020.08.27 18:50,28581.0,150,72,78
2020.08.27 18:55,28601.5,104,48,56
2020.08.27 20:30,28548.9,217,99,118
2020.08.27 20:50,28472.9,228,109,119
2020.08.27 21:20,28550.9,214,106,108
2020.08.27 22:20,28635.2,154,81,73
2020.08.27 23:00,28467.1,240,114,126
2020.08.27 23:05,28531.6,228,110,118
2020.08.27 23:40,28544.1,226,119,107
2020.08.28 00:00,28533.9,228,115,113
2020.08.28 00:20,28529.5,211,114,97
2020.08.28 00:25,28526.8,198,104,94
2020.08.28 00:35,28529.9,215,112,103
2020.08.28 00:45,28528.2,202,107,95
2020.08.28 01:00,28551.1,212,106,106
2020.08.28 01:05,28531.1,221,112,109
2020.08.28 01:25,28540.6,228,113,115
2020.08.28 01:40,28560.6,187,76,111
2020.08.28 02:20,28545.1,214,115,99
2020.08.28 02:35,28568.1,153,74,79
2020.08.28 02:40,28551.1,207,103,104
2020.08.28 03:05,28586.1,133,68,65
2020.08.28 03:15,28553.1,209,91,118
2020.08.28 04:20,28533.6,222,109,113
2020.08.28 05:35,28614.6,115,61,54
2020.08.28 06:00,28756.1,111,55,56
2020.08.28 06:25,28727.6,197,103,94
2020.08.28 08:10,28624.1,124,67,57
2020.08.28 08:45,28645.1,167,80,87
2020.08.28 09:20,28680.7,154,89,65
2020.08.28 09:30,28704.2,167,98,69
2020.08.28 09:50,28664.7,129,68,61
2020.08.28 09:55,28688.7,178,94,84
2020.08.28 10:50,28542.7,197,92,105
2020.08.28 11:25,28665.7,123,63,60
2020.08.28 12:00,28627.7,122,72,50
2020.08.28 12:15,28678.2,139,80,59
2020.08.28 12:35,28618.2,114,62,52
2020.08.28 13:20,28570.7,131,58,73
2020.08.28 14:30,28655.7,135,70,65
2020.08.28 14:40,28622.7,116,61,55
2020.08.28 15:15,28650.2,151,65,86
2020.08.28 15:55,28609.7,89,44,45
2020.08.28 16:20,28627.2,105,62,43
2020.08.28 16:50,28595.3,93,36,57
2020.08.28 17:15,28508.8,191,95,96
2020.08.28 17:35,28482.8,203,108,95
2020.08.28 18:25,28583.0,116,60,56
2020.08.28 18:30,28560.5,161,63,98
2020.08.28 18:55,28599.7,81,39,42
2020.08.28 19:00,28573.2,117,52,65
2020.08.28 19:35,28585.7,114,57,57
2020.08.28 19:55,28637.2,126,65,61
2020.08.28 21:05,28561.2,159,66,93
2020.08.28 21:50,28653.7,134,62,72
2020.08.28 21:55,28634.2,120,64,56
2020.08.28 22:30,28710.1,182,102,80
2020.08.28 22:40,28730.6,196,102,94
2020.08.31 01:35,28713.2,185,99,86
2020.08.31 01:45,28727.7,186,101,85
2020.08.31 02:05,28717.7,183,96,87
2020.08.31 03:15,28791.2,92,45,47
2020.08.31 03:45,28805.2,87,39,48
2020.08.31 04:10,28759.2,111,59,52
2020.08.31 05:00,28787.2,104,45,59
2020.08.31 05:05,28777.7,118,47,71
2020.08.31 05:10,28799.2,90,43,47
2020.08.31 05:25,28776.7,116,45,71
2020.08.31 05:30,28796.2,84,47,37
2020.08.31 05:40,28771.2,121,60,61
2020.08.31 06:00,28791.7,79,40,39
2020.08.31 06:15,28777.2,118,46,72
2020.08.31 06:50,28794.2,84,47,37
2020.08.31 07:10,28777.7,111,42,69
2020.08.31 07:25,28789.7,82,41,41
2020.08.31 08:35,28728.2,185,98,87
2020.08.31 09:30,28691.3,166,88,78
2020.08.31 09:35,28717.8,180,95,85
2020.08.31 09:40,28702.3,157,87,70
2020.08.31 10:30,28726.8,175,90,85
2020.08.31 10:45,28698.8,154,72,82
2020.08.31 11:20,28727.8,171,94,77
2020.08.31 12:20,28717.8,161,86,75
2020.08.31 12:35,28709.8,144,86,58
2020.08.31 12:40,28701.3,147,74,73
2020.08.31 12:50,28719.8,155,81,74
2020.08.31 13:30,28685.8,169,92,77
2020.08.31 13:50,28677.8,132,75,57
2020.08.31 14:25,28698.3,151,72,79
2020.08.31 15:25,28620.3,95,51,44
2020.08.31 16:20,28612.3,76,42,34
2020.08.31 16:35,28493.9,190,91,99
2020.08.31 17:15,28446.0,223,104,119
2020.08.31 17:20,28489.0,182,96,86
2020.08.31 17:25,28454.0,237,111,126
2020.08.31 20:05,28424.7,214,94,120
2020.08.31 20:25,28434.7,183,86,97
2020.08.31 21:10,28452.7,224,116,108
2020.08.31 21:50,28481.7,196,106,90
2020.08.31 22:00,28441.7,182,89,93
2020.08.31 22:10,28475.2,197,101,96
2020.08.31 22:50,28543.9,180,92,88
2020.08.31 23:35,28406.7,236,116,120
2020.08.31 23:40,28427.7,182,87,95
2020.08.31 23:50,28398.7,257,123,134
2020.08.31 23:55,28417.7,238,109,129
2020.09.01 00:00,28396.5,261,124,137
2020.09.01 00:05,28405.4,231,110,121
2020.09.01 00:35,28392.0,259,127,132
2020.09.01 01:25,28332.7,327,154,173
2020.09.01 03:05,28499.7,192,90,102
2020.09.01 03:40,28428.2,180,83,97
2020.09.01 03:45,28454.2,215,102,113
2020.09.01 04:05,28451.7,197,97,100
2020.09.01 05:00,28495.7,188,93,95
2020.09.01 06:00,28491.7,172,89,83
2020.09.01 06:10,28460.2,202,98,104
2020.09.01 07:15,28478.2,182,99,83
2020.09.01 07:25,28465.2,198,87,111
2020.09.01 07:50,28457.7,195,89,106
2020.09.01 10:10,28462.8,187,80,107
2020.09.01 10:30,28511.3,181,93,88
2020.09.01 10:45,28553.3,175,79,96
2020.09.01 11:25,28513.3,179,92,87
2020.09.01 11:30,28470.3,175,80,95
2020.09.01 11:35,28509.3,172,88,84
2020.09.01 11:55,28414.8,229,100,129
2020.09.01 12:35,28474.3,166,86,80
2020.09.01 13:00,28434.3,153,67,86
2020.09.01 13:05,28450.8,189,92,97
2020.09.01 13:55,28467.8,179,85,94
2020.09.01 14:50,28416.8,220,94,126
2020.09.01 14:55,28395.3,254,118,136
2020.09.01 16:20,28356.8,251,111,140
2020.09.01 17:00,28477.4,163,86,77
2020.09.01 17:30,28517.9,180,90,90
2020.09.01 17:35,28489.4,151,85,66
2020.09.01 18:15,28522.4,169,81,88
2020.09.01 18:25,28465.9,177,80,97
2020.09.01 18:40,28488.4,143,75,68
2020.09.01 18:50,28534.4,190,85,105
2020.09.01 18:55,28487.4,141,68,73
2020.09.01 19:30,28483.9,148,73,75
2020.09.01 19:35,28504.4,156,80,76
2020.09.01 20:05,28509.3,154,80,74
2020.09.01 20:20,28486.8,139,63,76
2020.09.01 20:25,28499.3,159,74,85
2020.09.01 20:30,28487.3,138,65,73
2020.09.01 21:10,28545.8,175,94,81
2020.09.01 21:15,28527.8,161,81,80
2020.09.01 21:50,28598.3,69,28,41
2020.09.01 22:30,28545.7,170,90,80
2020.09.01 22:50,28581.7,96,44,52
2020.09.01 23:40,28651.1,128,57,71
2020.09.02 00:00,28650.8,124,55,69
2020.09.02 00:05,28654.8,112,52,60
2020.09.02 00:20,28652.3,110,51,59
2020.09.02 00:30,28648.2,135,68,67
2020.09.02 01:30,28639.6,112,63,49
2020.09.02 01:35,28652.6,105,48,57
2020.09.02 01:55,28661.6,98,52,46
2020.09.02 02:25,28696.1,157,73,84
2020.09.02 02:55,28704.1,142,79,63
2020.09.02 03:45,28740.6,146,67,79
2020.09.02 04:45,28688.6,162,84,78
2020.09.02 05:05,28657.1,97,45,52
2020.09.02 05:25,28694.6,152,75,77
2020.09.02 05:30,28674.6,107,62,45
2020.09.02 05:35,28690.6,150,78,72
2020.09.02 05:50,28663.1,99,54,45
2020.09.02 06:10,28692.1,152,80,72
2020.09.02 06:20,28680.1,115,68,47
2020.09.02 07:05,28721.1,148,84,64
2020.09.02 07:10,28712.6,136,78,58
2020.09.02 07:25,28746.1,120,50,70
2020.09.02 07:35,28713.6,142,79,63
2020.09.02 08:55,28740.6,143,65,78
2020.09.02 09:45,28743.7,130,56,74
2020.09.02 09:50,28723.7,146,80,66
2020.09.02 10:15,28794.2,83,47,36
2020.09.02 10:25,28757.7,99,54,45
2020.09.02 10:40,28790.7,72,37,35
2020.09.02 10:45,28766.7,99,50,49
2020.09.02 12:25,28864.2,41,18,23
2020.09.02 12:45,28814.7,73,31,42
2020.09.02 13:00,28866.2,42,20,22
2020.09.02 13:15,28822.2,61,27,34
2020.09.02 13:30,28816.2,66,29,37
2020.09.02 13:45,28844.7,29,15,14
2020.09.02 14:05,28839.7,32,15,17
2020.09.02 16:00,28753.2,104,47,57
2020.09.02 16:20,28764.7,95,45,50
2020.09.02 16:50,28759.3,97,52,45
2020.09.02 17:00,28844.8,28,15,13
2020.09.02 17:10,28779.3,81,36,45
2020.09.02 17:30,28925.3,35,19,16
2020.09.02 17:45,28862.8,37,16,21
2020.09.02 18:25,28800.5,76,35,41
2020.09.02 18:30,28855.0,32,17,15
2020.09.02 18:40,28794.5,64,35,29
2020.09.02 19:00,28869.5,38,20,18
2020.09.02 20:05,28888.8,43,29,14
2020.09.02 20:40,28975.3,40,20,20
2020.09.02 23:00,29075.2,75,40,35
2020.09.02 23:10,29111.7,86,45,41
2020.09.02 23:25,29085.1,85,38,47
2020.09.03 00:40,29090.4,82,39,43
2020.09.03 00:50,29092.7,77,39,38
2020.09.03 01:25,29097.7,71,35,36
2020.09.03 01:35,29080.2,84,42,42
2020.09.03 02:40,29162.7,61,35,26
2020.09.03 03:10,29132.2,60,25,35
2020.09.03 03:45,29078.7,84,47,37
2020.09.03 03:50,29095.7,69,30,39
2020.09.03 04:15,29033.2,42,28,14
2020.09.03 04:25,29070.7,76,33,43
2020.09.03 04:30,29041.2,52,28,24
2020.09.03 05:15,29113.2,77,38,39
2020.09.03 05:40,29113.2,76,37,39
2020.09.03 05:45,29129.2,62,27,35
2020.09.03 06:00,29119.2,64,27,37
2020.09.03 06:20,29078.2,78,43,35
2020.09.03 07:10,29104.2,62,32,30
2020.09.03 08:15,29064.2,67,36,31
2020.09.03 08:25,29085.2,62,28,34
2020.09.03 08:45,29030.2,38,22,16
2020.09.03 09:45,29057.8,56,35,21
2020.09.03 11:15,29172.8,66,41,25
2020.09.03 11:55,29138.8,45,26,19
2020.09.03 12:10,29096.8,55,26,29
2020.09.03 12:15,29118.3,54,28,26
2020.09.03 12:20,29087.8,56,23,33
2020.09.03 13:45,29047.3,46,22,24
2020.09.03 13:55,29086.8,50,23,27
2020.09.03 14:00,29050.3,44,23,21
2020.09.03 14:05,29085.3,49,23,26
2020.09.03 14:30,29038.3,48,26,22
2020.09.03 15:35,29140.3,43,26,17
2020.09.03 16:05,29101.8,49,25,24
2020.09.03 16:25,29049.8,41,19,22
2020.09.03 16:45,29196.4,106,55,51
2020.09.03 17:30,28942.1,18,7,11
2020.09.03 18:20,28285.6,306,162,144
2020.09.03 18:50,28602.1,57,26,31
2020.09.03 19:00,28450.6,168,80,88
2020.09.03 20:00,28227.9,219,115,104
2020.09.03 20:10,28403.9,218,105,113
2020.09.03 20:20,28279.4,290,140,150
2020.09.03 20:25,28411.9,207,96,111
2020.09.03 20:55,28326.4,320,161,159
2020.09.03 21:10,28336.9,292,148,144
2020.09.03 21:35,28399.4,224,106,118
2020.09.03 22:10,28138.9,255,112,143
2020.09.03 22:15,28219.9,226,110,116
2020.09.03 23:20,28374.3,239,128,111
2020.09.03 23:55,28381.1,264,129,135
2020.09.04 00:50,28288.9,304,165,139
2020.09.04 02:20,28126.6,243,121,122
2020.09.04 02:35,28210.6,259,117,142
2020.09.04 02:55,28139.6,246,107,139
2020.09.04 03:35,28298.1,311,161,150
2020.09.04 03:40,28258.6,290,144,146
2020.09.04 04:10,28389.1,240,119,121
2020.09.04 04:30,28308.1,329,174,155
2020.09.04 04:45,28371.1,218,121,97
2020.09.04 05:10,28332.6,293,135,158
2020.09.04 05:20,28383.1,261,134,127
2020.09.04 06:10,28236.6,225,125,100
2020.09.04 06:25,28306.6,321,167,154
2020.09.04 06:55,28263.1,268,131,137
2020.09.04 08:25,28313.6,316,163,153
2020.09.04 08:50,28357.1,212,97,115
2020.09.04 09:10,28350.7,229,105,124
2020.09.04 09:30,28239.7,241,132,109
2020.09.04 09:50,28314.7,306,156,150
2020.09.04 10:55,28480.2,155,84,71
2020.09.04 11:35,28549.7,155,71,84
2020.09.04 11:45,28500.7,145,66,79
2020.09.04 11:50,28541.7,156,76,80
2020.09.04 11:55,28505.2,139,74,65
2020.09.04 12:25,28527.2,145,73,72
2020.09.04 12:30,28476.2,147,77,70
2020.09.04 13:00,28609.2,67,35,32
2020.09.04 14:15,28416.7,195,80,115
2020.09.04 14:20,28490.7,116,57,59
2020.09.04 14:55,28345.7,246,112,134
2020.09.04 15:05,28425.2,153,62,91
2020.09.04 15:10,28373.7,218,118,100
2020.09.04 15:45,28571.2,94,42,52
2020.09.04 16:10,28488.7,117,57,60
2020.09.04 16:20,28537.7,153,71,82
2020.09.04 16:30,28405.8,193,93,100
2020.09.04 16:35,28541.3,152,74,78
2020.09.04 16:55,28310.3,312,168,144
2020.09.04 17:55,27933.0,195,93,102
2020.09.04 18:25,27658.0,251,133,118
2020.09.04 18:35,27826.0,277,145,132
2020.09.04 19:15,27770.0,198,102,96
2020.09.04 19:45,28053.5,221,105,116
2020.09.04 20:05,27912.5,220,95,125
2020.09.04 20:10,27961.5,195,101,94
2020.09.04 20:20,27860.5,234,114,120
2020.09.04 20:25,27966.5,185,95,90
2020.09.04 20:30,27858.5,233,114,119
2020.09.04 20:45,27991.5,218,112,106
2020.09.04 20:50,27905.5,255,124,131
2020.09.04 21:45,28305.0,300,162,138
2020.09.04 21:50,28207.0,258,110,148
2020.09.04 22:50,28106.9,217,102,115
2020.09.04 22:55,28191.4,249,139,110
2020.09.07 01:15,27901.7,252,124,128
2020.09.07 02:40,28160.7,177,90,87
2020.09.07 03:15,28009.2,221,114,107
2020.09.07 03:55,28151.7,198,96,102
2020.09.07 04:05,28200.2,254,135,119
2020.09.07 04:20,28130.2,238,125,113
2020.09.07 04:45,28209.2,249,108,141
2020.09.07 05:20,28060.2,213,107,106
2020.09.07 06:05,28156.2,170,87,83
2020.09.07 06:10,28135.2,241,112,129
2020.09.07 06:15,28153.7,177,88,89
2020.09.07 06:30,28124.2,223,112,111
2020.09.07 07:40,28140.7,214,94,120
2020.09.07 08:00,28081.2,202,114,88
2020.09.07 08:05,28113.2,197,106,91
2020.09.07 08:15,28079.2,197,109,88
2020.09.07 08:45,28127.2,218,112,106
2020.09.07 08:55,28052.2,218,106,112
2020.09.07 09:00,28132.3,230,101,129
2020.09.07 09:25,27984.8,208,109,99
2020.09.07 10:10,28112.3,198,109,89
2020.09.07 10:15,28005.3,215,108,107
2020.09.07 10:35,28035.3,240,120,120
2020.09.07 10:45,28110.3,189,104,85
2020.09.07 11:15,28094.3,188,98,90
2020.09.07 12:30,28110.8,184,102,82
2020.09.07 12:35,28152.8,170,86,84
2020.09.07 13:00,28082.8,180,91,89
2020.09.07 13:20,28146.3,188,100,88
2020.09.07 13:25,28116.8,193,108,85
2020.09.07 13:30,28149.3,180,97,83
2020.09.07 13:45,28156.3,168,86,82
2020.09.07 14:45,28225.8,187,98,89
2020.09.07 14:55,28180.8,189,101,88
2020.09.07 15:30,28207.3,246,108,138
2020.09.07 15:35,28173.8,169,97,72
2020.09.07 16:00,28171.3,165,95,70
2020.09.07 16:25,28179.8,184,98,86
2020.09.07 16:55,28230.9,198,107,91
2020.09.07 17:50,28274.4,237,116,121
2020.09.07 18:15,28318.9,308,160,148
2020.09.07 19:50,28356.4,203,89,114
2020.09.07 20:00,28300.1,274,152,122
2020.09.07 20:25,28312.6,280,149,131
2020.09.07 20:50,28315.3,277,143,134
2020.09.07 21:05,28313.1,277,143,134
2020.09.07 21:15,28326.9,275,136,139
2020.09.07 21:20,28316.9,281,142,139
2020.09.07 21:25,28330.9,273,124,149
2020.09.07 21:55,28311.3,275,144,131
2020.09.07 22:30,28312.5,278,147,131
2020.09.07 22:35,28324.6,274,145,129
2020.09.07 22:40,28314.3,278,140,138
2020.09.07 23:25,28324.6,272,143,129
2020.09.07 23:35,28326.7,270,133,137
2020.09.08 00:50,28326.5,270,135,135
2020.09.08 01:35,28350.7,219,101,118
2020.09.08 01:40,28316.7,268,133,135
2020.09.08 02:00,28359.2,194,87,107
2020.09.08 02:05,28326.2,261,130,131
2020.09.08 02:35,28323.7,270,139,131
2020.09.08 03:00,28377.7,232,120,112
2020.09.08 03:20,28290.7,249,140,109
2020.09.08 03:55,28314.7,264,134,130
2020.09.08 04:10,28268.2,237,116,121
2020.09.08 04:35,28333.7,255,121,134
2020.09.08 04:45,28300.2,262,145,117
2020.09.08 04:50,28325.7,256,129,127
2020.09.08 04:55,28298.2,254,135,119
2020.09.08 05:05,28342.2,241,110,131
2020.09.08 05:10,28325.7,254,127,127
2020.09.08 05:15,28343.2,233,103,130
2020.09.08 06:20,28271.2,225,104,121
2020.09.08 06:30,28239.2,219,121,98
2020.09.08 06:50,28272.7,227,111,116
2020.09.08 07:45,28269.7,233,110,123
2020.09.08 08:25,28324.7,255,133,122
2020.09.08 08:40,28295.7,228,124,104
2020.09.08 09:30,28352.8,197,88,109
2020.09.08 09:35,28385.3,233,119,114
2020.09.08 10:20,28280.3,212,99,113
2020.09.08 10:30,28340.3,229,110,119
2020.09.08 10:40,28280.3,211,98,113
2020.09.08 10:50,28327.3,244,120,124
2020.09.08 12:10,28150.3,173,95,78
2020.09.08 12:45,28061.3,205,106,99
2020.09.08 13:20,28139.3,183,86,97
2020.09.08 14:05,28101.3,168,81,87
2020.09.08 14:20,28008.3,219,109,110
2020.09.08 14:25,28076.3,163,79,84
2020.09.08 14:45,27876.3,278,144,134
2020.09.08 15:15,27844.3,239,118,121
2020.09.08 16:25,27869.3,243,135,108
2020.09.08 17:05,27492.9,166,98,68
2020.09.08 18:40,27580.4,215,107,108
2020.09.08 19:30,27661.4,234,130,104
2020.09.08 19:50,27765.3,204,97,107
2020.09.08 20:00,27722.3,243,130,113
2020.09.08 20:30,27751.3,217,99,118
2020.09.08 20:50,27838.3,255,113,142
2020.09.08 22:55,27483.4,149,73,76
2020.09.08 23:40,27519.1,193,99,94
2020.09.09 00:15,27559.6,193,94,99
2020.09.09 00:45,27207.5,78,43,35
2020.09.09 01:10,27196.6,79,33,46
2020.09.09 01:30,27356.6,135,70,65
2020.09.09 01:40,27314.6,136,71,65
2020.09.09 02:20,27416.6,151,88,63
2020.09.09 02:35,27352.6,136,69,67
2020.09.09 03:20,27473.1,144,72,72
2020.09.09 03:25,27441.1,135,65,70
2020.09.09 04:45,27546.1,214,104,110
2020.09.09 05:00,27480.1,139,73,66
2020.09.09 05:10,27534.6,202,108,94
2020.09.09 05:35,27450.1,143,72,71
2020.09.09 06:05,27523.1,182,101,81
2020.09.09 06:10,27500.1,161,91,70
2020.09.09 09:05,27587.7,192,103,89
2020.09.09 09:30,27462.7,156,78,78
2020.09.09 09:40,27373.7,135,61,74
2020.09.09 10:50,27691.2,289,139,150
2020.09.09 11:50,27691.7,288,138,150
2020.09.09 12:15,27673.2,254,131,123
2020.09.09 12:20,27645.2,202,93,109
2020.09.09 12:25,27679.2,275,146,129
2020.09.09 12:30,27645.7,201,94,107
2020.09.09 12:45,27707.7,239,100,139
2020.09.09 12:50,27678.7,270,147,123
2020.09.09 13:00,27734.7,243,113,130
2020.09.09 13:05,27695.7,276,126,150
2020.09.09 13:10,27738.7,230,113,117
2020.09.09 14:05,27599.7,195,108,87
2020.09.09 15:15,27769.7,187,97,90
2020.09.09 15:20,27717.7,218,112,106
2020.09.09 15:25,27759.2,199,91,108
2020.09.09 15:35,27695.7,272,124,148
2020.09.09 15:50,27763.7,187,84,103
2020.09.09 16:15,27809.7,235,114,121
2020.09.09 16:40,27694.3,274,125,149
2020.09.09 17:30,27923.6,164,80,84
2020.09.09 17:40,27970.6,180,99,81
2020.09.09 17:55,27893.6,256,125,131
2020.09.09 18:05,28018.6,216,110,106
2020.09.09 18:15,27942.1,173,90,83
2020.09.09 18:50,28050.1,196,91,105
2020.09.09 19:00,28008.6,209,102,107
2020.09.09 19:15,28049.1,202,95,107
2020.09.09 19:20,28022.1,221,112,109
2020.09.09 19:45,28088.6,160,86,74
2020.09.09 20:10,28143.0,175,86,89
2020.09.09 20:15,28116.5,173,95,78
2020.09.09 20:35,28181.5,185,102,83
2020.09.09 21:00,28108.5,152,77,75
2020.09.09 21:10,28161.0,156,83,73
2020.09.09 21:25,28094.5,166,84,82
2020.09.09 22:05,28195.5,230,127,103
2020.09.09 22:15,28162.0,152,83,69
2020.09.09 22:20,28206.1,240,115,125
2020.09.09 23:00,27882.9,258,138,120
2020.09.09 23:45,27967.9,159,81,78
2020.09.10 01:15,27960.9,163,83,80
2020.09.10 02:25,28031.9,227,110,117
2020.09.10 02:30,28057.9,195,108,87
2020.09.10 02:40,28017.9,199,94,105
2020.09.10 02:55,28051.4,186,86,100
2020.09.10 03:05,27988.9,199,98,101
2020.09.10 03:25,28018.9,204,102,102
2020.09.10 03:35,27925.4,165,77,88
2020.09.10 03:40,27978.9,183,101,82
2020.09.10 04:00,27933.4,167,79,88
2020.09.10 04:10,27963.9,154,77,77
2020.09.10 04:20,27907.4,234,100,134
2020.09.10 04:25,27951.4,165,84,81
2020.09.10 04:35,27888.4,265,137,128
2020.09.10 05:55,27959.9,158,78,80
2020.09.10 06:10,27920.4,154,74,80
2020.09.10 06:25,27954.9,170,79,91
2020.09.10 06:35,27925.4,153,71,82
2020.09.10 06:40,27945.9,153,80,73
2020.09.10 06:55,27898.4,233,112,121
2020.09.10 07:05,27928.9,147,70,77
2020.09.10 07:20,27900.4,225,104,121
2020.09.10 07:35,27895.9,243,119,124
2020.09.10 08:30,28029.9,216,109,107
2020.09.10 08:35,28008.9,190,93,97
2020.09.10 09:15,28008.5,195,96,99
2020.09.10 09:40,27968.5,151,79,72
2020.09.10 09:55,27994.5,190,103,87
2020.09.10 10:00,27927.5,139,66,73
2020.09.10 10:10,28002.5,186,85,101
2020.09.10 11:00,27811.5,240,123,117
2020.09.10 11:45,27879.5,246,125,121
2020.09.10 12:10,27918.0,146,74,72
2020.09.10 12:35,27908.5,200,82,118
2020.09.10 13:45,27817.5,248,115,133
2020.09.10 13:50,27848.5,210,104,106
2020.09.10 13:55,27806.5,229,109,120
2020.09.10 14:05,27872.0,233,136,97
2020.09.10 14:55,27896.5,234,118,116
2020.09.10 15:00,27857.0,201,96,105
2020.09.10 15:05,27914.5,154,71,83
2020.09.10 15:25,27914.5,153,71,82
2020.09.10 15:50,28034.0,203,98,105
2020.09.10 15:55,27971.0,151,83,68
2020.09.10 16:50,28076.6,160,79,81
2020.09.10 16:55,28147.1,154,87,67
2020.09.10 17:00,28076.1,159,75,84
2020.09.10 17:05,28142.1,156,74,82
2020.09.10 17:10,28049.1,183,85,98
2020.09.10 17:20,28125.1,163,79,84
2020.09.10 18:00,27788.6,199,109,90
2020.09.10 18:45,27914.6,147,68,79
2020.09.10 18:50,27987.6,180,92,88
2020.09.10 19:10,27918.6,132,67,65
2020.09.10 19:25,27812.1,225,113,112
2020.09.10 19:30,27874.1,229,123,106
2020.09.10 20:20,27897.9,208,101,107
2020.09.10 21:05,27834.4,231,111,120
2020.09.10 21:30,27543.4,212,104,108
2020.09.10 21:35,27648.9,200,101,99
2020.09.10 21:40,27556.9,183,82,101
2020.09.10 22:40,27657.4,206,110,96
2020.09.10 22:50,27501.9,151,82,69
2020.09.10 22:55,27630.4,189,106,83
2020.09.10 23:20,27524.3,161,89,72
2020.09.10 23:35,27598.0,177,96,81
2020.09.11 00:10,27534.3,183,98,85
2020.09.11 00:25,27538.3,190,96,94
2020.09.11 01:10,27585.0,171,88,83
2020.09.11 01:15,27625.5,198,103,95
2020.09.11 01:25,27587.0,169,88,81
2020.09.11 01:35,27631.5,188,106,82
2020.09.11 01:40,27598.0,171,91,80
2020.09.11 02:00,27599.0,175,95,80
2020.09.11 03:10,27572.0,180,96,84
2020.09.11 03:40,27654.0,201,105,96
2020.09.11 04:15,27712.0,220,94,126
2020.09.11 04:20,27684.5,257,141,116
2020.09.11 04:45,27655.0,197,101,96
2020.09.11 05:55,27677.5,245,138,107
2020.09.11 06:00,27701.5,225,100,125
2020.09.11 06:05,27681.0,258,137,121
2020.09.11 06:10,27697.5,255,110,145
2020.09.11 06:15,27675.0,234,130,104
2020.09.11 06:40,27703.5,212,88,124
2020.09.11 06:55,27682.0,250,138,112
2020.09.11 07:25,27734.0,220,102,118
2020.09.11 07:35,27704.0,210,86,124
2020.09.11 08:00,27704.0,209,85,124
2020.09.11 08:35,27752.5,196,98,98
2020.09.11 09:05,27690.1,249,124,125
2020.09.11 09:10,27719.1,195,99,96
2020.09.11 09:20,27692.1,248,116,132
2020.09.11 09:30,27720.6,201,107,94
2020.09.11 09:40,27649.1,192,98,94
2020.09.11 10:05,27709.6,208,94,114
2020.09.11 10:25,27783.1,181,103,78
2020.09.11 11:10,27751.6,190,93,97
2020.09.11 11:15,27718.6,192,97,95
2020.09.11 11:20,27748.6,200,95,105
2020.09.11 11:45,27709.1,203,89,114
2020.09.11 11:50,27740.1,193,99,94
2020.09.11 12:00,27687.1,228,117,111
2020.09.11 12:35,27765.6,179,89,90
2020.09.11 12:45,27730.6,189,93,96
2020.09.11 13:15,27691.6,237,110,127
2020.09.11 14:00,27720.1,177,89,88
2020.09.11 14:10,27761.1,172,79,93
2020.09.11 14:30,27671.1,212,107,105
2020.09.11 14:35,27704.6,193,83,110
2020.09.11 14:40,27673.1,212,109,103
2020.09.11 14:45,27711.1,187,79,108
2020.09.11 14:50,27675.6,224,119,105
2020.09.11 14:55,27706.6,192,79,113
2020.09.11 15:10,27659.6,195,103,92
2020.09.11 15:15,27706.1,193,80,113
2020.09.11 15:35,27594.6,167,85,82
2020.09.11 15:45,27659.1,191,102,89
2020.09.11 15:55,27625.6,180,93,87
2020.09.11 16:20,27689.6,222,111,111
2020.09.11 16:40,27563.2,165,83,82
2020.09.11 16:50,27718.7,176,86,90
2020.09.11 17:00,27570.7,172,87,85
2020.09.11 17:05,27677.7,215,120,95
2020.09.11 17:10,27565.7,172,91,81
2020.09.11 17:25,27734.2,187,84,103
2020.09.11 17:35,27648.2,174,91,83
2020.09.11 17:50,27795.2,208,109,99
2020.09.11 18:35,27671.2,199,101,98
2020.09.11 19:10,27760.7,167,76,91
2020.09.11 19:15,27720.7,168,87,81
2020.09.11 19:20,27783.7,176,100,76
2020.09.11 19:50,27686.2,197,104,93
2020.09.11 20:30,27446.7,138,68,70
2020.09.11 20:50,27563.2,162,83,79
2020.09.11 21:00,27446.2,137,68,69
2020.09.11 21:20,27531.2,163,83,80
2020.09.11 21:55,27682.2,210,111,99
2020.09.11 22:10,27546.7,178,84,94
2020.09.11 22:30,27770.8,162,89,73
2020.09.11 23:05,27582.9,158,81,77
2020.09.11 23:20,27630.3,150,85,65
2020.09.11 23:30,27603.9,153,77,76
2020.09.11 23:35,27628.9,153,84,69
2020.09.14 01:15,27770.9,161,89,72
2020.09.14 01:20,27747.4,164,77,87
2020.09.14 01:50,27792.9,200,110,90
2020.09.14 02:45,27753.9,160,82,78
2020.09.14 02:55,27811.9,213,109,104
2020.09.14 03:00,27798.4,207,100,107
2020.09.14 03:30,27768.4,155,83,72
2020.09.14 04:20,27817.4,218,99,119
2020.09.14 05:25,27908.9,182,72,110
2020.09.14 05:45,27877.4,224,114,110
2020.09.14 05:50,27895.9,212,107,105
2020.09.14 07:05,27880.4,224,109,115
2020.09.14 07:25,27880.4,223,108,115
2020.09.14 07:45,27873.4,218,116,102
2020.09.14 08:25,27882.4,211,112,99
2020.09.14 08:30,27861.9,188,94,94
2020.09.14 09:05,27935.0,127,64,63
2020.09.14 09:15,27902.0,196,98,98
2020.09.14 10:35,27921.5,123,64,59
2020.09.14 11:00,27919.5,124,62,62
2020.09.14 11:05,27958.5,128,64,64
2020.09.14 11:10,27919.5,123,61,62
2020.09.14 11:15,27947.0,121,59,62
2020.09.14 11:45,27911.5,154,66,88
2020.09.14 12:05,27893.0,197,101,96
2020.09.14 12:25,27905.0,184,91,93
2020.09.14 14:25,27884.5,201,106,95
2020.09.14 14:45,27848.5,181,88,93
2020.09.14 14:50,27870.0,196,112,84
2020.09.14 15:05,27815.5,210,98,112
2020.09.14 15:20,27864.5,180,94,86
2020.09.14 15:50,27869.0,191,104,87
2020.09.14 15:55,27833.5,205,99,106
2020.09.14 16:10,27866.5,183,101,82
2020.09.14 16:25,27820.5,203,90,113
2020.09.14 16:30,27875.1,203,110,93
2020.09.14 16:35,27801.1,198,99,99
2020.09.14 17:20,28058.6,182,102,80
2020.09.14 17:35,27994.6,177,96,81
2020.09.14 17:50,28044.6,179,86,93
2020.09.14 18:05,28025.1,188,89,99
2020.09.14 18:40,28061.6,172,91,81
2020.09.14 19:05,28048.6,174,86,88
2020.09.14 19:30,28057.1,186,101,85
2020.09.14 19:35,28033.6,184,87,97
2020.09.14 20:00,28084.8,151,80,71
2020.09.14 20:20,27966.3,119,65,54
2020.09.14 20:55,28016.3,172,76,96
2020.09.14 21:00,27979.3,158,89,69
2020.09.14 21:55,27943.3,119,62,57
2020.09.14 22:00,28011.8,164,82,82
2020.09.14 22:45,28082.4,149,81,68
2020.09.14 23:05,28034.7,162,80,82
2020.09.14 23:25,28002.4,153,70,83
2020.09.14 23:55,27945.2,110,56,54
2020.09.15 01:05,27990.7,155,80,75
2020.09.15 02:05,28009.2,151,73,78
2020.09.15 02:10,28025.7,172,88,84
2020.09.15 02:45,27972.2,123,71,52
2020.09.15 03:40,27961.2,108,54,54
2020.09.15 03:45,27946.2,105,50,55
2020.09.15 04:05,27949.7,109,53,56
2020.09.15 04:20,27995.2,150,84,66
2020.09.15 04:25,27972.7,121,73,48
2020.09.15 04:30,27995.2,149,84,65
2020.09.15 04:35,27967.7,103,53,50
2020.09.15 05:05,28040.2,165,80,85
2020.09.15 06:35,28026.2,164,80,84
2020.09.15 06:40,28034.2,157,77,80
2020.09.15 06:45,28023.7,160,77,83
2020.09.15 06:55,28038.2,160,73,87
2020.09.15 07:00,28028.7,158,80,78
2020.09.15 07:40,28062.7,162,89,73
2020.09.15 08:00,28077.2,148,76,72
2020.09.15 08:15,28051.2,159,74,85
2020.09.15 08:30,28070.2,150,79,71
2020.09.15 08:40,28032.2,157,82,75
2020.09.15 09:25,28128.8,158,82,76
2020.09.15 09:55,28053.8,152,70,82
2020.09.15 10:00,28101.8,150,68,82
2020.09.15 10:10,28039.8,155,69,86
2020.09.15 10:25,28094.8,148,77,71
2020.09.15 10:45,28037.3,157,75,82
2020.09.15 11:05,28083.8,140,75,65
2020.09.15 11:15,28046.8,155,75,80
2020.09.15 12:25,28165.8,147,79,68
2020.09.15 12:35,28138.3,156,69,87
2020.09.15 13:30,28137.3,154,66,88
2020.09.15 13:55,28199.3,226,124,102
2020.09.15 14:20,28189.8,204,119,85
2020.09.15 14:25,28164.8,139,70,69
2020.09.15 15:00,28142.3,150,69,81
2020.09.15 15:15,28187.3,189,112,77
2020.09.15 15:25,28162.3,141,78,63
2020.09.15 15:50,28195.3,220,123,97
2020.09.15 16:10,28205.3,236,112,124
2020.09.15 16:15,28220.3,193,100,93
2020.09.15 16:35,28173.4,145,86,59
2020.09.15 16:40,28232.4,197,108,89
2020.09.15 17:10,28127.4,154,74,80
2020.09.15 17:15,28188.4,192,114,78
2020.09.15 17:45,28089.8,135,76,59
2020.09.15 18:00,28173.3,137,83,54
2020.09.15 18:30,28106.8,138,65,73
2020.09.15 18:35,28142.3,138,62,76
2020.09.15 18:55,28079.8,140,81,59
2020.09.15 19:15,28108.3,133,66,67
2020.09.15 19:20,28087.3,138,69,69
2020.09.15 19:55,28085.8,132,72,60
2020.09.15 20:15,28144.3,137,70,67
2020.09.15 20:30,28096.8,143,64,79
2020.09.15 20:40,28123.8,136,63,73
2020.09.15 21:30,28045.8,155,77,78
2020.09.15 21:45,28076.8,129,68,61
2020.09.15 22:10,27979.3,132,74,58
2020.09.15 22:15,28018.3,141,73,68
2020.09.16 00:05,28020.6,147,71,76
2020.09.16 00:30,28039.8,149,68,81
2020.09.16 00:40,28035.0,143,68,75
2020.09.16 01:45,28033.9,142,69,73
2020.09.16 01:50,28025.4,148,73,75
2020.09.16 02:00,28038.9,140,69,71
2020.09.16 02:25,27991.4,130,68,62
2020.09.16 02:45,27980.9,124,69,55
2020.09.16 03:00,28012.9,132,65,67
2020.09.16 03:55,28027.4,145,73,72
2020.09.16 04:25,28002.9,126,58,68
2020.09.16 04:50,28015.9,119,56,63
2020.09.16 05:20,28056.4,134,66,68
2020.09.16 05:25,28072.9,128,66,62
2020.09.16 05:35,28056.4,133,65,68
2020.09.16 06:35,28067.9,113,57,56
2020.09.16 06:55,28083.4,129,69,60
2020.09.16 07:40,28052.9,141,60,81
2020.09.16 08:05,28039.9,142,65,77
2020.09.16 08:10,28053.9,133,57,76
2020.09.16 08:25,28037.9,137,63,74
2020.09.16 09:05,28043.0,144,72,72
2020.09.16 09:10,28009.0,124,58,66
2020.09.16 09:50,28055.5,126,59,67
2020.09.16 10:15,28114.5,129,70,59
2020.09.16 10:25,28098.0,143,64,79
2020.09.16 10:30,28114.5,128,70,58
2020.09.16 11:25,28138.5,139,62,77
2020.09.16 12:10,28143.5,130,63,67
2020.09.16 12:15,28117.5,119,59,60
2020.09.16 12:40,28164.0,131,71,60
2020.09.16 12:45,28138.0,137,59,78
2020.09.16 13:30,28114.0,118,60,58
2020.09.16 13:55,28188.5,190,114,76
2020.09.16 15:40,28100.5,129,58,71
2020.09.16 15:55,28147.5,109,64,45
2020.09.16 17:05,28127.1,119,58,61
2020.09.16 17:15,28084.0,117,64,53
2020.09.16 17:20,28133.2,129,57,72
2020.09.16 17:40,28113.7,105,55,50
2020.09.16 17:45,28055.7,121,57,64
2020.09.16 18:20,28227.2,189,103,86
2020.09.16 18:30,28198.7,216,121,95
2020.09.16 19:50,28183.3,170,91,79
2020.09.16 19:55,28206.3,214,96,118
2020.09.16 20:00,28181.3,158,87,71
2020.09.16 20:05,28205.3,216,101,115
2020.09.16 21:40,28364.3,179,94,85
2020.09.16 21:55,28217.8,178,88,90
2020.09.16 22:00,28267.3,223,115,108
2020.09.16 22:30,28022.3,135,65,70
2020.09.16 22:35,28124.3,111,52,59
2020.09.16 22:40,28036.3,128,62,66
2020.09.16 22:45,28172.8,128,84,44
2020.09.16 23:10,28067.6,90,45,45
2020.09.16 23:20,28030.3,129,65,64
2020.09.17 00:05,28047.3,133,62,71
2020.09.17 00:40,28055.0,114,51,63
2020.09.17 02:45,28054.6,111,47,64
2020.09.17 02:50,28076.1,85,43,42
2020.09.17 03:25,27925.6,111,51,60
2020.09.17 04:15,28013.1,117,55,62
2020.09.17 05:00,27829.1,195,96,99
2020.09.17 05:10,27861.6,172,88,84
2020.09.17 05:40,27853.6,163,80,83
2020.09.17 06:20,27734.1,170,74,96
2020.09.17 07:20,27764.1,143,66,77
2020.09.17 07:30,27797.1,197,100,97
2020.09.17 07:40,27772.6,150,84,66
2020.09.17 07:45,27795.6,192,101,91
2020.09.17 08:15,27805.1,198,97,101
2020.09.17 08:20,27790.1,175,89,86
2020.09.17 08:35,27791.6,179,91,88
2020.09.17 08:40,27808.6,191,91,100
2020.09.17 08:45,27792.6,182,97,85
2020.09.17 08:50,27809.1,192,91,101
2020.09.17 09:30,27542.2,173,86,87
2020.09.17 09:35,27597.2,148,74,74
2020.09.17 09:40,27540.2,175,94,81
2020.09.17 10:35,27760.7,144,64,80
2020.09.17 11:10,27780.2,155,89,66
2020.09.17 11:15,27740.2,152,79,73
2020.09.17 11:35,27767.7,143,75,68
2020.09.17 12:00,27816.2,198,90,108
2020.09.17 12:20,27812.2,191,99,92
2020.09.17 12:50,27787.7,147,88,59
2020.09.17 13:45,27780.7,141,80,61
2020.09.17 13:50,27810.2,180,93,87
2020.09.17 14:00,27745.2,146,73,73
2020.09.17 14:20,27839.7,169,76,93
2020.09.17 14:25,27806.7,169,83,86
2020.09.17 14:45,27791.7,152,80,72
2020.09.17 14:50,27835.2,188,89,99
2020.09.17 15:50,27751.7,140,69,71
2020.09.17 16:25,27726.2,155,76,79
2020.09.17 16:30,27647.3,146,76,70
2020.09.17 16:35,27743.3,141,73,68
2020.09.17 17:50,28002.3,118,56,62
2020.09.17 17:55,27950.8,97,48,49
2020.09.17 18:05,28054.3,109,45,64
2020.09.17 19:25,27708.3,157,67,90
2020.09.17 19:35,27792.8,146,84,62
2020.09.17 19:45,27726.4,147,72,75
2020.09.17 20:35,27811.9,172,94,78
2020.09.17 20:40,27764.4,117,53,64
2020.09.17 20:50,27826.9,178,98,80
2020.09.17 20:55,27781.4,119,68,51
2020.09.17 21:15,27874.4,197,111,86
2020.09.17 21:40,27713.9,140,68,72
2020.09.17 21:55,27805.9,156,81,75
2020.09.17 22:05,27686.4,181,92,89
2020.09.17 22:15,27811.9,167,92,75
2020.09.17 22:25,27721.1,141,73,68
2020.09.17 22:40,27906.1,172,74,98
2020.09.17 22:45,27822.1,182,87,95
2020.09.17 22:50,27914.1,125,61,64
2020.09.17 22:55,27861.1,160,79,81
2020.09.17 23:10,27944.4,93,47,46
2020.09.18 00:50,27904.5,163,82,81
2020.09.18 02:05,27992.9,114,64,50
2020.09.18 02:20,27974.9,102,65,37
2020.09.18 02:25,27987.9,110,54,56
2020.09.18 03:00,27891.4,182,87,95
2020.09.18 03:10,27953.4,90,46,44
2020.09.18 03:25,27869.9,183,103,80
2020.09.18 03:35,27911.4,132,57,75
2020.09.18 04:25,27806.9,147,74,73
2020.09.18 05:05,27838.4,161,64,97
2020.09.18 05:10,27814.9,173,92,81
2020.09.18 05:20,27862.9,154,83,71
2020.09.18 06:10,27889.4,177,89,88
2020.09.18 06:25,27883.9,193,102,91
2020.09.18 06:50,27871.9,170,99,71
2020.09.18 07:20,27857.9,142,70,72
2020.09.18 07:25,27845.9,129,65,64
2020.09.18 08:15,27843.4,136,63,73
2020.09.18 08:30,27895.4,169,76,93
2020.09.18 08:45,27896.9,160,75,85
2020.09.18 08:50,27863.4,149,78,71
2020.09.18 09:15,27929.5,84,39,45
2020.09.18 09:20,27902.0,147,69,78
2020.09.18 09:25,27928.0,84,40,44
2020.09.18 09:30,27903.0,148,69,79
2020.09.18 10:05,27923.0,88,45,43
2020.09.18 10:15,27877.5,170,89,81
2020.09.18 10:20,27921.5,91,49,42
2020.09.18 10:35,27841.5,141,61,80
2020.09.18 10:55,27831.5,162,78,84
2020.09.18 12:05,27860.5,137,67,70
2020.09.18 12:30,27929.0,82,41,41
2020.09.18 13:00,27859.5,135,63,72
2020.09.18 13:10,27894.5,152,67,85
2020.09.18 15:00,27862.5,134,71,63
2020.09.18 15:45,27935.0,80,39,41
2020.09.18 16:10,27970.0,88,49,39
2020.09.18 16:50,27736.1,127,54,73
2020.09.18 17:35,27864.1,131,69,62
2020.09.18 17:40,27926.1,73,39,34
2020.09.18 17:55,27811.6,157,85,72
2020.09.18 18:05,27890.2,142,68,74
2020.09.18 18:35,27791.7,113,59,54
2020.09.18 18:50,27910.7,95,37,58
2020.09.18 19:20,27799.7,128,68,60
2020.09.18 19:25,27837.7,145,54,91
2020.09.18 20:55,27600.7,149,80,69
2020.09.18 21:00,27553.7,151,68,83
2020.09.18 21:25,27630.2,143,81,62
2020.09.18 21:30,27598.2,142,74,68
2020.09.18 21:50,27586.7,138,68,70
2020.09.18 22:20,27642.2,141,67,74
2020.09.18 22:40,27748.7,127,60,67
2020.09.18 23:00,27637.5,146,75,71
2020.09.18 23:20,27705.7,142,55,87
2020.09.18 23:40,27726.0,130,65,65
2020.09.18 23:45,27709.0,141,59,82
2020.09.18 23:50,27720.0,123,65,58
2020.09.21 01:10,27556.5,147,67,80
2020.09.21 01:15,27606.5,139,73,66
2020.09.21 02:00,27675.0,166,91,75
2020.09.21 02:10,27644.0,137,64,73
2020.09.21 02:15,27673.5,160,84,76
2020.09.21 03:05,27677.0,170,92,78
2020.09.21 03:25,27755.0,114,54,60
2020.09.21 03:30,27733.5,131,56,75
2020.09.21 03:35,27754.5,116,58,58
2020.09.21 04:10,27694.0,165,73,92
2020.09.21 05:25,27671.5,152,77,75
2020.09.21 05:50,27731.5,122,60,62
2020.09.21 06:35,27661.0,133,75,58
2020.09.21 07:40,27658.0,132,72,60
2020.09.21 07:55,27605.5,136,66,70
2020.09.21 08:35,27522.5,150,79,71
2020.09.21 09:05,27542.6,165,76,89
2020.09.21 09:25,27521.6,148,75,73
2020.09.21 09:30,27565.1,141,70,71
2020.09.21 09:35,27538.6,167,84,83
2020.09.21 11:00,27371.6,130,61,69
2020.09.21 11:50,27070.1,77,38,39
2020.09.21 12:45,27110.1,92,46,46
2020.09.21 13:00,27144.1,101,51,50
2020.09.21 13:05,27183.6,96,43,53
2020.09.21 13:15,27127.6,85,43,42
2020.09.21 13:35,27224.1,77,39,38
2020.09.21 13:45,27166.6,93,47,46
2020.09.21 14:05,27170.6,99,50,49
2020.09.21 14:55,27224.1,76,39,37
2020.09.21 15:10,27126.6,82,39,43
2020.09.21 15:15,27185.1,75,33,42
2020.09.21 15:45,27056.1,57,33,24
2020.09.21 16:15,27174.6,88,44,44
2020.09.21 16:40,26985.2,69,30,39
2020.09.21 17:05,26935.2,94,49,45
2020.09.21 17:10,27027.7,59,31,28
2020.09.21 17:40,26765.2,132,62,70
2020.09.21 19:05,26921.2,91,45,46
2020.09.21 19:15,26841.7,121,67,54
2020.09.21 19:25,26908.2,98,47,51
2020.09.21 19:30,26839.7,124,67,57
2020.09.21 19:40,26929.7,93,52,41
2020.09.21 21:25,26892.3,85,40,45
2020.09.21 21:45,26788.8,108,49,59
2020.09.21 22:25,27050.5,54,30,24
2020.09.21 22:30,26969.0,80,39,41
2020.09.21 23:05,27195.3,62,25,37
2020.09.21 23:25,27159.3,83,44,39
2020.09.22 00:35,27130.6,72,37,35
2020.09.22 01:15,27154.8,84,47,37
2020.09.22 01:20,27183.8,69,35,34
2020.09.22 01:30,27154.8,83,46,37
2020.09.22 02:40,27221.3,78,39,39
2020.09.22 03:10,27292.3,113,56,57
2020.09.22 03:20,27264.3,74,40,34
2020.09.22 03:45,27200.3,45,21,24
2020.09.22 03:55,27244.8,78,47,31
2020.09.22 04:20,27112.3,83,41,42
2020.09.22 05:05,27180.3,66,38,28
2020.09.22 05:20,27101.8,88,45,43
2020.09.22 05:45,27147.3,75,39,36
2020.09.22 06:40,27191.3,51,26,25
2020.09.22 07:25,27126.3,64,29,35
2020.09.22 07:35,27165.3,52,27,25
2020.09.22 09:20,27059.4,54,34,20
2020.09.22 10:15,27027.9,52,28,24
2020.09.22 10:30,27113.9,65,34,31
2020.09.22 10:35,27047.4,51,22,29
2020.09.22 11:10,27114.9,64,32,32
2020.09.22 11:15,27159.4,58,31,27
2020.09.22 11:25,27098.4,69,36,33
2020.09.22 11:30,27134.4,44,28,16
2020.09.22 11:50,27066.4,47,24,23
2020.09.22 12:25,27170.9,58,29,29
2020.09.22 12:35,27137.9,44,29,15
2020.09.22 12:55,27132.9,38,21,17
2020.09.22 13:00,27153.4,54,32,22
2020.09.22 13:35,27180.4,59,34,25
2020.09.22 13:55,27175.9,58,32,26
2020.09.22 14:05,27134.9,38,24,14
2020.09.22 14:55,27063.4,40,20,20
2020.09.22 15:10,27121.4,49,20,29
2020.09.22 15:20,27079.9,43,23,20
2020.09.22 15:40,27180.4,54,31,23
2020.09.22 16:10,27204.4,46,25,21
2020.09.22 16:15,27182.4,53,30,23
2020.09.22 16:40,27278.5,80,41,39
2020.09.22 17:30,27231.3,59,28,31
2020.09.22 18:35,26994.3,50,23,27
2020.09.22 19:10,27149.3,37,25,12
2020.09.22 19:25,27098.8,48,26,22
2020.09.22 19:30,27132.3,25,16,9
2020.09.22 19:35,27098.8,47,25,22
2020.09.22 21:05,27279.0,80,43,37
2020.09.22 21:10,27232.0,56,25,31
2020.09.22 21:15,27268.0,77,46,31
2020.09.22 21:30,27253.5,72,40,32
2020.09.22 21:35,27208.5,39,23,16
2020.09.22 22:00,27201.5,30,13,17
2020.09.22 22:25,27306.5,118,62,56
2020.09.22 22:45,27332.1,128,70,58
2020.09.22 23:10,27238.4,56,34,22
2020.09.23 00:40,27293.9,106,51,55
2020.09.23 01:00,27372.4,130,62,68
2020.09.23 01:35,27361.9,128,71,57
2020.09.23 03:00,27382.4,125,59,66
2020.09.23 03:05,27355.4,121,62,59
2020.09.23 03:35,27361.4,121,64,57
2020.09.23 04:10,27304.4,103,48,55
2020.09.23 04:20,27328.4,124,67,57
2020.09.23 04:35,27369.9,124,60,64
2020.09.23 04:40,27337.9,124,63,61
2020.09.23 05:30,27316.9,119,66,53
2020.09.23 06:05,27306.4,98,49,49
2020.09.23 06:30,27379.4,118,54,64
2020.09.23 06:50,27369.9,117,59,58
2020.09.23 07:55,27368.4,106,60,46
2020.09.23 08:10,27393.9,112,60,52
2020.09.23 08:15,27382.9,112,56,56
2020.09.23 08:40,27442.9,128,67,61
2020.09.23 09:35,27412.0,132,73,59
2020.09.23 09:45,27382.0,109,54,55
2020.09.23 09:50,27411.0,131,71,60
2020.09.23 10:15,27307.5,102,51,51
2020.09.23 11:10,27407.0,123,67,56
2020.09.23 11:50,27466.5,141,60,81
2020.09.23 12:30,27481.5,121,67,54
2020.09.23 12:55,27506.0,145,81,64
2020.09.23 13:30,27478.0,116,59,57
2020.09.23 13:40,27458.0,137,65,72
2020.09.23 15:05,27472.5,108,50,58
2020.09.23 15:10,27442.5,125,63,62
2020.09.23 15:15,27468.5,114,52,62
2020.09.23 15:20,27444.5,130,67,63
2020.09.23 15:30,27481.5,109,61,48
2020.09.23 15:45,27416.0,128,71,57
2020.09.23 16:15,27464.5,122,54,68
2020.09.23 16:35,27470.6,111,53,58
2020.09.23 16:55,27326.6,112,59,53
2020.09.23 17:00,27358.1,98,51,47
2020.09.23 17:25,27361.8,99,55,44
2020.09.23 17:35,27227.8,47,20,27
2020.09.23 18:00,27226.8,49,22,27
2020.09.23 18:05,27304.3,95,45,50
2020.09.23 18:30,27188.3,37,15,22
2020.09.23 18:40,27254.3,58,33,25
2020.09.23 19:20,27127.8,24,13,11
2020.09.23 19:40,27242.3,53,34,19
2020.09.23 20:20,27232.8,36,18,18
2020.09.23 21:20,26896.9,80,39,41
2020.09.23 21:25,26946.9,81,33,48
2020.09.23 21:30,26891.9,84,39,45
2020.09.23 21:35,26943.4,85,37,48
2020.09.23 22:05,26719.9,109,54,55
2020.09.23 22:10,26844.9,105,54,51
2020.09.23 22:30,26844.8,105,54,51
2020.09.23 22:35,26782.3,103,46,57
2020.09.23 22:40,26842.8,105,57,48
2020.09.23 22:50,26715.3,105,51,54
2020.09.23 23:20,26792.7,100,39,61
2020.09.23 23:35,26833.6,95,56,39
2020.09.23 23:50,26804.6,96,42,54
2020.09.24 01:10,26860.1,101,50,51
2020.09.24 01:15,26829.6,83,43,40
2020.09.24 01:55,26792.1,95,39,56
2020.09.24 02:50,26743.1,127,70,57
2020.09.24 02:55,26709.1,100,54,46
2020.09.24 03:00,26746.6,123,59,64
2020.09.24 04:00,26881.1,86,46,40
2020.09.24 04:10,26811.1,90,43,47
2020.09.24 04:25,26896.1,82,40,42
2020.09.24 05:35,26796.1,94,41,53
2020.09.24 06:15,26828.6,70,35,35
2020.09.24 06:50,26810.6,72,35,37
2020.09.24 07:40,26679.1,87,47,40
2020.09.24 08:00,26645.1,80,42,38
2020.09.24 09:00,26806.2,64,25,39
2020.09.24 09:15,26679.2,84,45,39
2020.09.24 09:25,26730.2,95,52,43
2020.09.24 10:20,26785.2,84,33,51
2020.09.24 10:30,26684.2,74,38,36
2020.09.24 10:55,26820.7,71,38,33
2020.09.24 11:50,26736.2,93,56,37
2020.09.24 12:50,26750.2,94,45,49
2020.09.24 13:30,26817.2,65,34,31
2020.09.24 13:40,26851.7,91,46,45
2020.09.24 13:45,26831.2,64,34,30
2020.09.24 13:50,26864.7,95,50,45
2020.09.24 15:05,26687.7,72,35,37
2020.09.24 15:40,26605.7,61,30,31
2020.09.24 15:55,26664.7,78,30,48
2020.09.24 16:10,26666.2,75,32,43
2020.09.24 16:20,26632.2,76,37,39
2020.09.24 16:40,26537.3,72,34,38
2020.09.24 16:50,26753.3,91,47,44
2020.09.24 16:55,26676.8,70,33,37
2020.09.24 17:15,26896.8,78,39,39
2020.09.24 18:00,26782.2,68,32,36
2020.09.24 18:25,26781.2,63,30,33
2020.09.24 18:30,26721.7,65,31,34
2020.09.24 18:40,26838.7,81,44,37
2020.09.24 19:25,26942.7,88,38,50
2020.09.24 19:35,26809.2,52,23,29
2020.09.24 20:30,27096.6,41,23,18
2020.09.24 20:35,27034.6,40,21,19
2020.09.24 21:40,26984.1,55,24,31
2020.09.24 22:00,26765.1,76,37,39
2020.09.24 22:15,26845.6,70,37,33
2020.09.24 22:25,26691.0,64,31,33
2020.09.24 22:50,26765.5,73,34,39
2020.09.24 23:20,26832.0,50,28,22
2020.09.24 23:35,26863.3,85,48,37
2020.09.24 23:40,26831.3,49,27,22
2020.09.24 23:55,26877.3,78,38,40
2020.09.25 01:20,26923.3,66,38,28
2020.09.25 01:45,26902.3,67,28,39
2020.09.25 02:00,26904.8,70,29,41
2020.09.25 03:30,26915.8,65,28,37
2020.09.25 04:25,26997.8,38,19,19
2020.09.25 04:40,26962.3,63,31,32
2020.09.25 05:00,26947.8,66,25,41
2020.09.25 05:20,26979.3,56,26,30
2020.09.25 05:45,26968.3,54,29,25
2020.09.25 05:55,26946.3,61,23,38
2020.09.25 08:15,26973.3,47,26,21
2020.09.25 08:20,26988.3,39,17,22
2020.09.25 08:40,27002.3,35,20,15
2020.09.25 09:20,26889.9,65,34,31
2020.09.25 10:05,26868.9,79,39,40
2020.09.25 10:30,26939.9,55,26,29
2020.09.25 11:00,26882.9,66,36,30
2020.09.25 11:20,26843.9,55,32,23
2020.09.25 11:45,26832.4,43,23,20
2020.09.25 12:00,26891.9,61,29,32
2020.09.25 13:30,26680.4,62,31,31
2020.09.25 13:35,26717.9,62,33,29
2020.09.25 14:05,26550.9,85,43,42
2020.09.25 14:30,26596.9,55,26,29
2020.09.25 15:15,26684.9,54,27,27
2020.09.25 15:20,26724.4,56,29,27
2020.09.25 15:35,26673.4,59,25,34
2020.09.25 16:05,26764.4,66,33,33
2020.09.25 16:55,26703.5,48,26,22
2020.09.25 17:00,26802.5,41,17,24
2020.09.25 17:40,26934.1,48,25,23
2020.09.25 17:45,26848.1,50,29,21
2020.09.25 18:05,26834.1,41,24,17
2020.09.25 18:30,26891.1,51,28,23
2020.09.25 18:35,26938.1,50,27,23
2020.09.25 19:25,26844.1,40,23,17
2020.09.25 20:30,26991.5,35,19,16
2020.09.25 20:35,26959.5,34,17,17
2020.09.25 20:50,27029.5,37,16,21
2020.09.25 20:55,27002.0,33,19,14
2020.09.25 21:05,27052.5,25,13,12
2020.09.25 21:10,27014.5,35,23,12
2020.09.25 22:20,27240.5,49,30,19
2020.09.25 22:40,27128.0,22,12,10
2020.09.25 22:55,27206.5,21,12,9
2020.09.25 23:00,27141.3,23,14,9
2020.09.25 23:05,27198.8,17,9,8
2020.09.25 23:45,27153.8,18,11,7
2020.09.28 01:20,27251.3,52,28,24
2020.09.28 01:35,27237.8,43,26,17
2020.09.28 02:30,27239.8,44,25,19
2020.09.28 02:50,27264.8,54,31,23
2020.09.28 03:25,27247.8,40,21,19
2020.09.28 03:30,27230.8,27,14,13
2020.09.28 04:00,27218.3,27,12,15
2020.09.28 04:35,27249.8,37,20,17
2020.09.28 05:05,27298.8,95,47,48
2020.09.28 05:40,27273.3,54,28,26
2020.09.28 05:45,27284.8,63,32,31
2020.09.28 05:50,27267.3,48,27,21
2020.09.28 06:15,27281.8,60,34,26
2020.09.28 07:35,27286.8,59,30,29
2020.09.28 09:00,27391.9,102,52,50
2020.09.28 10:50,27435.4,109,52,57
2020.09.28 11:00,27361.4,92,50,42
2020.09.28 11:55,27381.9,92,46,46
2020.09.28 12:30,27424.9,111,56,55
2020.09.28 12:35,27388.4,87,44,43
2020.09.28 12:50,27433.9,108,52,56
2020.09.28 12:55,27412.4,107,59,48
2020.09.28 13:20,27558.4,131,58,73
2020.09.28 13:45,27503.4,133,72,61
2020.09.28 13:50,27541.9,157,75,82
2020.09.28 14:50,27505.9,134,75,59
2020.09.28 15:15,27530.4,139,70,69
2020.09.28 15:35,27526.4,129,64,65
2020.09.28 15:50,27560.9,127,63,64
2020.09.28 16:15,27515.9,138,70,68
2020.09.28 16:35,27634.5,139,78,61
2020.09.28 18:10,27643.3,119,55,64
2020.09.28 18:45,27685.8,157,85,72
2020.09.28 19:50,27721.7,114,61,53
2020.09.28 20:35,27712.7,110,43,67
2020.09.28 20:45,27677.7,143,78,65
2020.09.28 21:15,27700.2,134,53,81
2020.09.28 21:25,27656.2,116,64,52
2020.09.28 22:10,27611.7,120,67,53
2020.09.28 22:15,27661.2,108,61,47
2020.09.28 22:20,27619.0,118,67,51
2020.09.28 22:40,27631.0,110,60,50
2020.09.28 23:25,27592.7,121,57,64
2020.09.29 00:15,27637.3,108,51,57
2020.09.29 00:20,27632.0,107,57,50
2020.09.29 00:25,27636.8,108,50,58
2020.09.29 02:40,27665.8,110,56,54
2020.09.29 03:15,27691.8,142,66,76
2020.09.29 04:05,27700.3,128,51,77
2020.09.29 04:35,27664.8,103,55,48
2020.09.29 04:45,27646.8,95,47,48
2020.09.29 06:50,27661.3,87,48,39
2020.09.29 07:40,27688.3,127,66,61
2020.09.29 08:40,27647.8,96,47,49
2020.09.29 09:20,27629.9,104,55,49
2020.09.29 09:25,27659.9,85,48,37
2020.09.29 09:40,27608.9,116,64,52
2020.09.29 10:15,27503.9,126,68,58
2020.09.29 10:25,27564.9,126,63,63
2020.09.29 10:50,27520.9,119,60,59
2020.09.29 10:55,27549.9,133,63,70
2020.09.29 11:05,27478.9,103,53,50
2020.09.29 11:50,27548.9,126,60,66
2020.09.29 12:05,27591.4,118,58,60
2020.09.29 12:30,27524.9,110,55,55
2020.09.29 12:55,27599.9,113,62,51
2020.09.29 13:00,27571.9,123,64,59
2020.09.29 14:30,27568.9,121,60,61
2020.09.29 15:10,27536.4,125,65,60
2020.09.29 15:45,27568.9,114,55,59
2020.09.29 15:55,27600.9,109,59,50
2020.09.29 16:10,27564.4,107,50,57
2020.09.29 16:15,27588.9,105,53,52
2020.09.29 16:45,27580.0,96,51,45
2020.09.29 16:50,27499.5,123,68,55
2020.09.29 17:25,27606.1,109,58,51
2020.09.29 18:10,27405.1,97,57,40
2020.09.29 18:30,27427.1,104,49,55
2020.09.29 18:35,27466.6,112,50,62
2020.09.29 18:55,27391.6,84,43,41
2020.09.29 19:55,27432.8,100,49,51
2020.09.29 20:55,27519.3,117,57,60
2020.09.29 21:30,27566.8,99,48,51
2020.09.29 21:35,27531.3,111,55,56
2020.09.29 21:40,27555.8,97,46,51
2020.09.29 22:15,27562.8,95,45,50
2020.09.29 22:45,27526.2,94,46,48
2020.09.29 23:00,27440.5,96,44,52
2020.09.29 23:10,27556.0,96,47,49
2020.09.29 23:20,27516.4,104,47,57
2020.09.29 23:35,27518.5,97,42,55
2020.09.29 23:45,27533.5,101,53,48
2020.09.30 00:05,27483.5,92,45,47
2020.09.30 00:45,27489.9,98,53,45
2020.09.30 01:15,27516.5,103,47,56
2020.09.30 02:20,27541.0,103,51,52
2020.09.30 02:25,27556.0,93,47,46
2020.09.30 02:35,27530.0,93,47,46
2020.09.30 04:25,27623.5,109,63,46
2020.09.30 05:25,27703.0,107,44,63
2020.09.30 06:10,27423.5,95,51,44
2020.09.30 06:35,27360.0,82,41,41
2020.09.30 07:20,27268.5,45,23,22
2020.09.30 08:00,27295.0,76,35,41
2020.09.30 09:10,27161.1,13,9,4
2020.09.30 09:40,27273.6,39,21,18
2020.09.30 09:45,27220.1,19,8,11
2020.09.30 10:25,27296.6,76,38,38
2020.09.30 10:35,27399.6,69,43,26
2020.09.30 11:35,27268.1,37,18,19
2020.09.30 12:25,27212.1,16,10,6
2020.09.30 12:55,27309.6,71,40,31
2020.09.30 13:05,27233.6,16,10,6
2020.09.30 13:45,27435.1,95,47,48
2020.09.30 14:10,27395.6,68,40,28
2020.09.30 14:50,27353.6,68,37,31
2020.09.30 14:55,27324.1,90,47,43
2020.09.30 15:00,27365.6,66,36,30
2020.09.30 15:05,27311.6,72,40,32
2020.09.30 16:15,27497.1,96,54,42
2020.09.30 17:20,27848.6,111,55,56
2020.09.30 17:25,27787.6,97,61,36
2020.09.30 17:45,27885.6,128,69,59
2020.09.30 18:00,27795.6,112,58,54
2020.09.30 18:25,27921.6,73,43,30
2020.09.30 18:40,27846.1,103,50,53
2020.09.30 20:15,27914.7,72,38,34
2020.09.30 20:20,27881.2,116,58,58
2020.09.30 20:40,27978.2,108,60,48
2020.09.30 20:45,27954.7,77,34,43
2020.09.30 20:50,27975.7,95,63,32
2020.09.30 20:55,27955.2,80,35,45
2020.09.30 21:10,28010.2,108,53,55
2020.09.30 22:20,27578.3,83,45,38
2020.09.30 23:50,27664.7,76,38,38
2020.10.01 00:20,27737.9,99,48,51
2020.10.01 00:55,27716.6,95,53,42
2020.10.01 01:10,27816.7,131,60,71
2020.10.01 01:15,27780.7,92,53,39
2020.10.01 02:10,27886.7,117,65,52
2020.10.01 02:30,27856.7,102,56,46
2020.10.01 02:40,27881.7,111,57,54
2020.10.01 04:15,27967.7,76,41,35
2020.10.01 04:50,27964.7,76,37,39
2020.10.01 05:00,27995.7,107,61,46
2020.10.01 05:50,27990.7,105,56,49
2020.10.01 06:00,27971.7,73,45,28
2020.10.01 06:15,27992.7,104,61,43
2020.10.01 07:50,27991.7,102,57,45
2020.10.01 08:05,27972.7,77,51,26
2020.10.01 08:15,27942.2,60,31,29
2020.10.01 08:20,27960.2,52,25,27
2020.10.01 08:35,27930.7,67,31,36
2020.10.01 09:55,28065.8,78,41,37
2020.10.01 10:35,27992.8,106,61,45
2020.10.01 10:40,28043.8,112,57,55
2020.10.01 11:15,28046.3,118,62,56
2020.10.01 11:40,27913.3,70,33,37
2020.10.01 12:50,28004.3,99,44,55
2020.10.01 13:00,28055.8,92,41,51
2020.10.01 13:35,27983.8,87,52,35
2020.10.01 13:45,28011.3,86,40,46
2020.10.01 13:50,27972.3,67,43,24
2020.10.01 14:15,28042.3,108,54,54
2020.10.01 14:20,27998.3,83,38,45
2020.10.01 14:40,28013.3,82,40,42
2020.10.01 14:45,28041.3,103,52,51
2020.10.01 14:50,28012.3,82,41,41
2020.10.01 14:55,28057.8,92,48,44
2020.10.01 15:35,27969.3,54,32,22
2020.10.01 15:40,28016.3,77,38,39
2020.10.01 17:10,27751.4,100,49,51
2020.10.01 17:20,27862.4,99,53,46
2020.10.01 17:25,27778.5,90,49,41
2020.10.01 17:40,27965.2,45,25,20
2020.10.01 17:55,27823.2,126,63,63
2020.10.01 18:10,27818.2,124,56,68
2020.10.01 18:50,27849.7,91,46,45
2020.10.01 18:55,27909.7,62,24,38
2020.10.01 19:30,27918.7,45,27,18
2020.10.01 19:35,27878.7,81,40,41
2020.10.01 19:45,27938.2,43,20,23
2020.10.01 20:00,27866.7,82,43,39
2020.10.01 20:05,27922.7,45,26,19
2020.10.01 20:30,27810.2,113,59,54
2020.10.01 20:35,27852.7,79,39,40
2020.10.01 21:10,27665.2,75,39,36
2020.10.01 22:45,27715.2,89,45,44
2020.10.01 23:15,27798.3,86,41,45
2020.10.02 00:25,27820.5,104,46,58
2020.10.02 00:30,27814.0,100,52,48
2020.10.02 00:35,27816.3,97,45,52
2020.10.02 01:20,27862.0,80,40,40
2020.10.02 01:30,27762.0,91,36,55
2020.10.02 01:55,27828.5,99,49,50
2020.10.02 03:00,27848.0,72,36,36
2020.10.02 03:10,27734.5,96,41,55
2020.10.02 04:15,27752.5,88,43,45
2020.10.02 04:20,27726.0,85,40,45
2020.10.02 04:30,27764.0,76,34,42
2020.10.02 04:45,27733.0,87,37,50
2020.10.02 05:10,27720.0,81,40,41
2020.10.02 05:25,27721.5,83,41,42
2020.10.02 06:00,27707.0,91,36,55
2020.10.02 06:05,27688.0,91,45,46
2020.10.02 06:20,27691.5,90,40,50
2020.10.02 06:40,27728.0,85,41,44
2020.10.02 06:45,27713.5,83,35,48
2020.10.02 06:55,27757.5,79,36,43
2020.10.02 07:10,27737.0,67,28,39
2020.10.02 07:15,27755.5,81,38,43
2020.10.02 08:05,27315.5,81,43,38
2020.10.02 08:35,27249.5,19,9,10
2020.10.02 08:45,27397.5,60,39,21
2020.10.02 08:50,27306.0,57,30,27
2020.10.02 09:05,27316.6,77,41,36
2020.10.02 09:35,27417.1,83,48,35
2020.10.02 09:55,27489.1,86,47,39
2020.10.02 10:00,27425.1,86,42,44
2020.10.02 10:50,27440.1,80,36,44
2020.10.02 11:05,27516.6,82,39,43
2020.10.02 11:10,27442.6,88,43,45
2020.10.02 11:25,27523.1,73,37,36
2020.10.02 11:55,27518.1,78,36,42
2020.10.02 12:00,27482.6,70,35,35
2020.10.02 12:10,27547.6,79,44,35
2020.10.02 12:40,27361.6,54,28,26
2020.10.02 12:50,27426.1,80,39,41
2020.10.02 13:20,27321.6,78,46,32
2020.10.02 13:40,27472.6,72,32,40
2020.10.02 13:45,27439.6,76,32,44
2020.10.02 14:25,27395.1,51,30,21
2020.10.02 14:30,27430.6,78,37,41
2020.10.02 15:50,27329.6,67,32,35
2020.10.02 15:55,27398.1,45,28,17
2020.10.02 17:05,27705.7,88,35,53
2020.10.02 17:40,27536.6,77,42,35
2020.10.02 18:20,27720.6,79,40,39
2020.10.02 19:20,27852.1,74,39,35
2020.10.02 19:30,27761.6,84,32,52
2020.10.02 19:40,27849.1,75,39,36
2020.10.02 19:50,27778.5,71,40,31
2020.10.02 20:05,27778.0,67,37,30
2020.10.02 20:10,27842.0,72,33,39
2020.10.02 20:15,27783.5,62,35,27
2020.10.02 20:25,27860.5,82,40,42
2020.10.02 20:50,27684.5,78,41,37
2020.10.02 21:20,27846.0,67,36,31
2020.10.02 21:50,27764.5,70,31,39
2020.10.02 21:55,27831.0,81,41,40
2020.10.02 23:20,27719.0,65,30,35
2020.10.05 01:15,27764.3,60,25,35
2020.10.05 01:35,27846.3,66,37,29
2020.10.05 02:35,27816.8,53,28,25
2020.10.05 02:40,27839.3,69,33,36
2020.10.05 02:45,27807.8,40,23,17
2020.10.05 03:20,27912.8,49,24,25
2020.10.05 03:30,27878.3,74,35,39
2020.10.05 03:40,27906.8,58,23,35
2020.10.05 04:00,27917.8,45,28,17
2020.10.05 04:20,27887.8,74,39,35
2020.10.05 04:25,27903.3,55,27,28
2020.10.05 04:40,27862.3,78,38,40
2020.10.05 04:45,27886.3,75,45,30
2020.10.05 04:55,27846.8,66,36,30
2020.10.05 05:15,27886.8,74,43,31
2020.10.05 05:20,27873.3,66,35,31
2020.10.05 05:30,27894.8,67,31,36
2020.10.05 07:00,27834.3,71,41,30
2020.10.05 07:15,27868.8,67,31,36
2020.10.05 07:25,27851.8,67,32,35
2020.10.05 08:05,27897.8,61,29,32
2020.10.05 08:15,27873.8,58,32,26
2020.10.05 08:30,27899.3,55,28,27
2020.10.05 09:35,27838.9,67,30,37
2020.10.05 10:20,27844.4,54,28,26
2020.10.05 10:30,27779.4,52,30,22
2020.10.05 10:35,27827.4,60,34,26
2020.10.05 10:40,27795.9,42,20,22
2020.10.05 11:30,27826.9,52,33,19
2020.10.05 11:50,27825.4,48,30,18
2020.10.05 12:05,27857.4,52,27,25
2020.10.05 12:15,27819.4,43,22,21
2020.10.05 12:25,27854.9,57,32,25
2020.10.05 12:30,27829.4,46,25,21
2020.10.05 13:15,27812.4,37,21,16
2020.10.05 14:25,27863.9,47,23,24
2020.10.05 14:45,27902.9,46,25,21
2020.10.05 15:00,27858.4,45,23,22
2020.10.05 15:15,27859.4,45,20,25
2020.10.05 15:35,27896.4,47,27,20
2020.10.05 15:40,27877.4,36,18,18
2020.10.05 15:45,27897.4,43,24,19
2020.10.05 15:50,27879.9,33,18,15
2020.10.05 16:00,27910.9,47,22,25
2020.10.05 16:25,27869.9,38,17,21
2020.10.05 18:05,28076.6,84,45,39
2020.10.05 18:10,28028.1,87,45,42
2020.10.05 18:35,28028.1,86,44,42
2020.10.05 19:10,28055.1,87,39,48
2020.10.05 19:25,28021.6,86,44,42
2020.10.05 19:40,28057.1,82,46,36
2020.10.05 20:40,28061.1,72,41,31
2020.10.05 21:00,27982.1,72,43,29
2020.10.05 21:20,28031.6,73,39,34
2020.10.05 21:25,27998.6,66,30,36
2020.10.05 21:50,28040.1,70,34,36
2020.10.05 22:35,28124.1,102,47,55
2020.10.05 22:40,28153.1,94,49,45
2020.10.05 22:55,28155.1,87,46,41
2020.10.05 23:45,28137.9,106,48,58
2020.10.05 23:55,28119.9,98,49,49
2020.10.06 00:00,28126.3,96,45,51
2020.10.06 00:10,28119.2,93,46,47
2020.10.06 00:35,28134.0,108,50,58
2020.10.06 00:40,28125.7,93,41,52
2020.10.06 02:05,28086.9,91,47,44
2020.10.06 02:25,28147.9,90,54,36
2020.10.06 02:45,28095.4,99,47,52
2020.10.06 02:50,28128.9,86,44,42
2020.10.06 02:55,28100.9,97,44,53
2020.10.06 04:10,28149.4,90,54,36
2020.10.06 04:20,28126.9,79,37,42
2020.10.06 04:25,28149.9,90,55,35
2020.10.06 04:30,28125.9,80,35,45
2020.10.06 04:50,28184.9,158,88,70
2020.10.06 05:05,28168.4,112,65,47
2020.10.06 05:40,28160.4,96,58,38
2020.10.06 06:20,28191.9,188,109,79
2020.10.06 06:25,28180.4,137,77,60
2020.10.06 06:30,28208.4,205,85,120
2020.10.06 07:15,28185.4,154,89,65
2020.10.06 07:20,28171.4,113,70,43
2020.10.06 07:30,28201.4,206,113,93
2020.10.06 07:50,28171.4,112,69,43
2020.10.06 07:55,28180.9,133,76,57
2020.10.06 08:25,28143.9,94,53,41
2020.10.06 08:35,28162.9,95,56,39
2020.10.06 08:40,28149.4,85,51,34
2020.10.06 09:55,28165.0,88,52,36
2020.10.06 10:00,28136.5,86,40,46
2020.10.06 10:05,28188.5,167,101,66
2020.10.06 10:40,28124.5,80,35,45
2020.10.06 10:50,28083.0,86,43,43
2020.10.06 10:55,28107.5,74,35,39
2020.10.06 11:05,28039.5,67,31,36
2020.10.06 12:20,28076.5,69,34,35
2020.10.06 12:50,28106.5,72,34,38
2020.10.06 13:25,28149.5,75,47,28
2020.10.06 13:45,28138.0,79,38,41
2020.10.06 13:55,28092.5,72,38,34
2020.10.06 14:10,28107.0,68,30,38
2020.10.06 14:50,28198.0,198,108,90
2020.10.06 14:55,28216.0,174,90,84
2020.10.06 15:05,28187.5,160,97,63
2020.10.06 16:05,28274.5,218,105,113
2020.10.06 16:40,28151.6,77,42,35
2020.10.06 16:45,28218.6,179,93,86
2020.10.06 17:50,28267.6,214,110,104
2020.10.06 18:25,28148.1,74,47,27
2020.10.06 19:00,28181.6,123,72,51
2020.10.06 19:05,28138.6,77,36,41
2020.10.06 19:30,28157.1,71,40,31
2020.10.06 20:55,28243.9,201,109,92
2020.10.06 21:00,28218.9,167,86,81
2020.10.06 22:05,27726.9,70,32,38
2020.10.06 22:10,27876.4,32,13,19
2020.10.06 22:20,27764.8,61,27,34
2020.10.06 22:50,27727.3,71,31,40
2020.10.06 22:55,27834.3,38,25,13
2020.10.06 23:00,27761.6,69,22,47
2020.10.06 23:20,27797.2,33,17,16
2020.10.06 23:55,27651.1,63,30,33
2020.10.07 00:40,27716.1,59,29,30
2020.10.07 01:20,27747.6,50,23,27
2020.10.07 01:25,27732.1,59,20,39
2020.10.07 01:55,27659.6,59,33,26
2020.10.07 02:10,27698.1,65,26,39
2020.10.07 02:25,27749.6,47,22,25
2020.10.07 03:15,27801.6,24,11,13
2020.10.07 03:35,27754.1,52,22,30
2020.10.07 03:55,27781.6,27,15,12
2020.10.07 04:20,27793.6,29,14,15
2020.10.07 05:10,27852.1,37,19,18
2020.10.07 05:15,27894.1,30,20,10
2020.10.07 06:10,27840.6,28,16,12
2020.10.07 06:20,27789.6,24,10,14
2020.10.07 07:20,27856.6,32,19,13
2020.10.07 07:45,27856.1,33,19,14
2020.10.07 07:50,27844.1,20,13,7
2020.10.07 08:15,27884.1,32,20,12
2020.10.07 08:25,27854.1,28,18,10
2020.10.07 09:25,27911.2,34,15,19
2020.10.07 09:40,27966.2,40,24,16
2020.10.07 10:30,28028.2,72,37,35
2020.10.07 10:55,28015.7,59,32,27
2020.10.07 12:10,27977.7,49,33,16
2020.10.07 12:20,27998.2,51,26,25
2020.10.07 12:25,27962.7,27,17,10
2020.10.07 12:40,28002.7,54,27,27
2020.10.07 13:00,27942.7,23,11,12
2020.10.07 14:05,28025.7,71,39,32
2020.10.07 14:45,28024.7,65,34,31
2020.10.07 14:50,28006.2,48,26,22
2020.10.07 16:10,28035.2,58,27,31
2020.10.07 16:15,28005.7,49,25,24
2020.10.07 16:55,28163.8,76,45,31
2020.10.07 17:00,28097.8,79,33,46
2020.10.07 17:05,28146.3,71,41,30
2020.10.07 17:10,28080.8,68,37,31
2020.10.07 17:30,28245.8,207,112,95
2020.10.07 17:40,28172.8,87,54,33
2020.10.07 17:50,28231.8,168,90,78
2020.10.07 18:00,28190.8,155,92,63
2020.10.07 18:40,28221.3,152,88,64
2020.10.07 19:50,28170.7,79,48,31
2020.10.07 20:00,28209.7,161,71,90
2020.10.07 20:15,28181.7,106,64,42
2020.10.07 20:50,28289.2,210,114,96
2020.10.07 21:05,28248.7,208,115,93
2020.10.07 21:30,28342.7,228,102,126
2020.10.07 22:10,28369.7,186,101,85
2020.10.07 22:35,28306.5,223,118,105
2020.10.07 22:40,28340.0,221,108,113
2020.10.07 23:40,28287.8,204,110,94
2020.10.07 23:55,28289.8,201,107,94
2020.10.08 00:25,28293.2,199,108,91
2020.10.08 00:35,28301.8,218,127,91
2020.10.08 00:45,28291.9,196,103,93
2020.10.08 01:35,28332.3,227,104,123
2020.10.08 01:40,28317.3,227,119,108
2020.10.08 02:00,28324.3,225,115,110
2020.10.08 02:05,28332.3,223,103,120
2020.10.08 02:20,28328.3,219,106,113
2020.10.08 02:50,28352.8,182,82,100
2020.10.08 03:10,28286.3,193,101,92
2020.10.08 03:35,28337.3,216,111,105
2020.10.08 03:50,28335.3,211,105,106
2020.10.08 04:10,28329.3,213,107,106
2020.10.08 04:15,28308.8,216,114,102
2020.10.08 04:20,28340.8,213,100,113
2020.10.08 04:30,28297.3,197,106,91
2020.10.08 05:45,28393.8,205,104,101
2020.10.08 05:50,28370.3,183,101,82
2020.10.08 06:00,28390.8,219,113,106
2020.10.08 06:05,28378.3,223,114,109
2020.10.08 06:30,28369.8,184,100,84
2020.10.08 06:55,28374.8,195,101,94
2020.10.08 07:15,28362.8,164,80,84
2020.10.08 07:25,28377.3,207,105,102
2020.10.08 07:30,28365.8,168,89,79
2020.10.08 08:10,28400.8,200,99,101
2020.10.08 08:15,28384.3,221,111,110
2020.10.08 08:20,28402.3,193,96,97
2020.10.08 08:30,28375.3,191,96,95
2020.10.08 08:40,28392.3,203,99,104
2020.10.08 08:45,28373.8,185,99,86
2020.10.08 09:25,28433.4,116,45,71
2020.10.08 09:55,28503.4,121,57,64
2020.10.08 10:30,28445.9,135,65,70
2020.10.08 10:35,28472.9,132,65,67
2020.10.08 12:05,28378.9,203,100,103
2020.10.08 12:40,28364.4,169,88,81
2020.10.08 13:20,28387.4,195,98,97
2020.10.08 14:25,28482.4,119,61,58
2020.10.08 14:35,28430.4,113,44,69
2020.10.08 17:35,28462.5,125,58,67
2020.10.08 18:00,28382.5,190,94,96
2020.10.08 18:05,28425.0,132,50,82
2020.10.08 18:10,28399.0,176,87,89
2020.10.08 18:15,28427.5,113,51,62
2020.10.08 18:40,28354.5,168,81,87
2020.10.08 19:35,28405.5,158,79,79
2020.10.08 20:00,28398.4,170,88,82
2020.10.08 20:20,28362.9,151,71,80
2020.10.08 20:40,28399.9,165,83,82
2020.10.08 21:00,28354.4,167,80,87
2020.10.08 21:35,28389.4,161,74,87
2020.10.08 21:40,28408.9,160,77,83
2020.10.08 21:50,28379.4,172,84,88
2020.10.08 21:55,28401.9,157,77,80
2020.10.08 22:10,28412.4,156,75,81
2020.10.08 22:15,28368.9,145,75,70
2020.10.08 22:30,28420.7,150,66,84
2020.10.08 22:40,28390.2,158,76,82
2020.10.08 22:55,28434.2,98,43,55
2020.10.09 00:40,28490.2,88,44,44
2020.10.09 00:45,28483.4,105,50,55
2020.10.09 01:30,28562.0,132,61,71
2020.10.09 02:10,28543.5,139,68,71
2020.10.09 02:15,28561.0,129,54,75
2020.10.09 02:40,28526.5,124,64,60
2020.10.09 03:05,28570.5,97,42,55
2020.10.09 03:25,28513.5,125,68,57
2020.10.09 03:35,28545.5,132,70,62
2020.10.09 03:45,28521.0,122,58,64
2020.10.09 03:50,28536.5,137,62,75
2020.10.09 03:55,28517.5,128,68,60
2020.10.09 05:20,28571.0,95,41,54
2020.10.09 05:50,28553.5,130,60,70
2020.10.09 06:05,28596.0,61,22,39
2020.10.09 06:10,28582.0,86,40,46
2020.10.09 06:20,28598.5,57,24,33
2020.10.09 07:25,28561.5,117,52,65
2020.10.09 07:30,28550.5,125,60,65
2020.10.09 07:45,28570.5,91,41,50
2020.10.09 08:15,28522.5,115,54,61
2020.10.09 08:20,28542.5,122,62,60
2020.10.09 08:40,28528.5,116,60,56
2020.10.09 08:50,28541.5,128,64,64
2020.10.09 09:10,28474.6,116,62,54
2020.10.09 09:20,28522.1,111,53,58
2020.10.09 09:45,28471.1,118,58,60
2020.10.09 10:10,28537.1,123,56,67
2020.10.09 10:15,28512.6,110,60,50
2020.10.09 10:30,28541.6,126,63,63
2020.10.09 10:35,28516.1,123,65,58
2020.10.09 10:40,28549.1,124,58,66
2020.10.09 11:15,28510.1,107,57,50
2020.10.09 11:35,28499.1,104,51,53
2020.10.09 11:55,28544.6,126,72,54
2020.10.09 12:25,28529.6,96,50,46
2020.10.09 13:15,28576.6,82,36,46
2020.10.09 13:25,28543.1,121,63,58
2020.10.09 14:35,28563.1,108,53,55
2020.10.09 14:45,28538.6,113,56,57
2020.10.09 15:10,28529.1,88,44,44
2020.10.09 15:35,28533.1,101,50,51
2020.10.09 16:10,28588.1,75,34,41
2020.10.09 17:10,28443.3,112,58,54
2020.10.09 18:05,28569.8,80,36,44
2020.10.09 18:15,28527.3,84,44,40
2020.10.09 18:20,28550.8,105,55,50
2020.10.09 18:25,28529.3,85,43,42
2020.10.09 19:05,28669.3,94,53,41
2020.10.09 19:15,28627.8,93,53,40
2020.10.09 19:55,28577.1,70,33,37
2020.10.09 20:00,28598.6,51,21,30
2020.10.09 20:20,28554.1,101,46,55
2020.10.09 21:25,28538.6,95,47,48
2020.10.09 21:45,28575.6,62,27,35
2020.10.09 21:55,28544.1,93,49,44
2020.10.09 23:20,28614.2,75,44,31
2020.10.12 01:00,28562.6,77,36,41
2020.10.12 01:35,28605.6,52,26,26
2020.10.12 01:55,28603.1,45,23,22
2020.10.12 02:00,28617.6,72,42,30
2020.10.12 03:15,28551.6,90,44,46
2020.10.12 04:10,28580.6,45,23,22
2020.10.12 04:15,28560.6,79,31,48
2020.10.12 04:55,28647.6,107,53,54
2020.10.12 05:20,28605.1,47,25,22
2020.10.12 05:45,28614.1,55,33,22
2020.10.12 06:45,28653.1,95,44,51
2020.10.12 07:00,28630.6,77,45,32
2020.10.12 07:50,28657.6,89,45,44
2020.10.12 08:20,28688.6,150,78,72
2020.10.12 08:25,28703.1,128,71,57
2020.10.12 08:30,28687.1,147,80,67
2020.10.12 08:40,28711.6,130,72,58
2020.10.12 08:45,28697.1,140,69,71
2020.10.12 08:50,28708.1,128,77,51
2020.10.12 09:25,28659.7,93,49,44
2020.10.12 09:35,28674.2,95,59,36
2020.10.12 10:10,28621.7,68,45,23
2020.10.12 10:20,28665.7,77,45,32
2020.10.12 11:15,28633.7,71,35,36
2020.10.12 11:25,28707.2,124,74,50
2020.10.12 12:00,28587.7,37,17,20
2020.10.12 12:15,28639.2,77,44,33
2020.10.12 13:20,28601.2,32,14,18
2020.10.12 13:25,28624.7,61,35,26
2020.10.12 13:40,28630.7,64,37,27
2020.10.12 13:45,28616.7,48,29,19
2020.10.12 14:10,28625.2,61,37,24
2020.10.12 14:15,28640.7,74,44,30
2020.10.12 14:20,28620.7,49,31,18
2020.10.12 14:50,28660.7,79,43,36
2020.10.12 14:55,28640.2,73,42,31
2020.10.12 15:40,28717.7,134,76,58
2020.10.12 16:00,28675.2,97,57,40
2020.10.12 16:40,28720.3,135,76,59
2020.10.12 16:45,28694.3,123,60,63
2020.10.12 17:15,28777.3,81,35,46
2020.10.12 17:20,28744.3,118,49,69
2020.10.12 17:40,28755.3,92,45,47
2020.10.12 18:25,28875.8,28,15,13
2020.10.12 18:30,28846.3,13,5,8
2020.10.12 18:35,28872.3,27,15,12
2020.10.12 19:05,28814.8,50,17,33
2020.10.12 19:40,28916.9,25,15,10
2020.10.12 20:05,28867.9,21,12,9
2020.10.12 20:30,28956.9,24,15,9
2020.10.12 21:30,28918.4,23,17,6
2020.10.12 22:50,28822.7,31,12,19
2020.10.12 22:55,28870.7,16,9,7
2020.10.12 23:00,28826.0,28,10,18
2020.10.12 23:25,28898.6,18,9,9
2020.10.12 23:30,28934.5,17,10,7
2020.10.12 23:35,28911.5,21,13,8
2020.10.12 23:40,28927.5,19,14,5
2020.10.13 00:05,28900.7,19,10,9
2020.10.13 00:10,28906.1,22,12,10
2020.10.13 00:15,28902.6,27,17,10
2020.10.13 00:40,28899.4,18,9,9
2020.10.13 01:05,28931.5,15,10,5
2020.10.13 01:55,28890.0,15,9,6
2020.10.13 03:15,28821.0,36,13,23
2020.10.13 03:25,28845.5,4,2,2
2020.10.13 03:45,28794.5,55,30,25
2020.10.13 04:10,28783.5,59,22,37
2020.10.13 04:45,28769.0,77,36,41
2020.10.13 05:25,28761.5,84,43,41
2020.10.13 06:00,28817.5,31,10,21
2020.10.13 06:20,28793.0,42,19,23
2020.10.13 06:50,28806.0,44,17,27
2020.10.13 07:00,28817.5,27,8,19
2020.10.13 07:20,28797.5,43,22,21
2020.10.13 08:40,28896.0,8,5,3
2020.10.13 09:05,28847.6,3,1,2
2020.10.13 09:20,28883.1,5,5,0
2020.10.13 09:55,28809.1,29,10,19
2020.10.13 10:50,28776.6,69,25,44
2020.10.13 10:55,28748.6,102,40,62
2020.10.13 11:10,28809.6,27,10,17
2020.10.13 11:20,28758.6,80,40,40
2020.10.13 11:55,28829.6,10,4,6
2020.10.13 12:00,28806.1,26,9,17
2020.10.13 12:05,28837.1,4,1,3
2020.10.13 12:10,28809.1,21,6,15
2020.10.13 12:25,28838.6,3,1,2
2020.10.13 12:45,28823.6,7,2,5
2020.10.13 14:30,28828.6,5,2,3
2020.10.13 15:10,28805.6,16,5,11
2020.10.13 15:30,28751.1,91,36,55
2020.10.13 15:35,28784.6,26,8,18
2020.10.13 16:10,28727.1,141,73,68
2020.10.13 16:15,28757.1,73,35,38
2020.10.13 16:20,28704.1,114,60,54
2020.10.13 16:50,28713.7,127,74,53
2020.10.13 17:00,28809.2,10,3,7
2020.10.13 17:25,28775.8,43,17,26
2020.10.13 17:30,28715.8,125,69,56
2020.10.13 17:35,28765.3,51,21,30
2020.10.13 17:45,28695.8,121,56,65
2020.10.13 18:05,28734.8,125,57,68
2020.10.13 18:20,28781.3,30,11,19
2020.10.13 20:15,28759.2,50,27,23
2020.10.13 20:30,28744.7,71,30,41
2020.10.13 20:35,28719.2,113,56,57
2020.10.13 21:00,28658.7,76,40,36
2020.10.13 21:15,28732.2,112,53,59
2020.10.13 22:30,28760.0,47,26,21
2020.10.13 23:05,28652.8,68,31,37
2020.10.13 23:40,28680.3,90,53,37
2020.10.13 23:45,28698.3,96,44,52
2020.10.14 00:00,28673.3,76,44,32
2020.10.14 00:30,28674.1,81,49,32
2020.10.14 00:35,28676.1,83,46,37
2020.10.14 01:35,28696.3,99,45,54
2020.10.14 01:50,28738.8,87,37,50
2020.10.14 02:00,28717.3,98,54,44
2020.10.14 02:15,28743.8,74,31,43
2020.10.14 02:20,28727.3,107,52,55
2020.10.14 02:35,28724.3,103,55,48
2020.10.14 02:45,28742.3,73,31,42
2020.10.14 03:15,28720.3,99,54,45
2020.10.14 03:20,28749.8,58,25,33
2020.10.14 03:35,28726.3,98,46,52
2020.10.14 03:40,28740.3,72,31,41
2020.10.14 03:45,28724.3,100,52,48
2020.10.14 03:50,28739.3,73,32,41
2020.10.14 04:20,28657.3,68,36,32
2020.10.14 04:55,28727.3,91,42,49
2020.10.14 05:00,28706.3,81,45,36
2020.10.14 05:20,28753.8,51,22,29
2020.10.14 06:35,28789.8,20,10,10
2020.10.14 06:55,28769.3,40,21,19
2020.10.14 08:40,28715.3,87,52,35
2020.10.14 09:20,28736.9,65,30,35
2020.10.14 09:55,28762.9,41,23,18
2020.10.14 10:05,28701.4,84,40,44
2020.10.14 10:10,28732.9,72,33,39
2020.10.14 10:20,28696.4,95,43,52
2020.10.14 10:45,28753.9,37,20,17
2020.10.14 10:50,28728.9,75,37,38
2020.10.14 11:15,28785.9,18,7,11
2020.10.14 11:20,28760.9,39,22,17
2020.10.14 11:30,28817.4,7,2,5
2020.10.14 11:35,28784.9,16,6,10
2020.10.14 12:20,28814.4,4,2,2
2020.10.14 13:35,28656.9,69,35,34
2020.10.14 13:40,28692.9,98,42,56
2020.10.14 13:55,28640.9,65,38,27
2020.10.14 14:45,28684.4,82,49,33
2020.10.14 15:05,28721.9,67,38,29
2020.10.14 15:45,28719.9,63,35,28
2020.10.14 15:55,28802.9,5,2,3
2020.10.14 16:35,28685.0,88,50,38
2020.10.14 17:15,28714.8,56,37,19
2020.10.14 17:20,28764.8,22,10,12
2020.10.14 17:30,28649.8,73,33,40
2020.10.14 17:45,28736.8,40,17,23
2020.10.14 18:00,28654.8,69,31,38
2020.10.14 19:05,28592.3,32,12,20
2020.10.14 19:30,28543.8,87,45,42
2020.10.14 19:35,28470.8,111,52,59
2020.10.14 20:55,28562.3,64,27,37
2020.10.14 21:00,28531.8,73,32,41
2020.10.14 21:35,28453.8,134,66,68
2020.10.14 22:25,28560.5,64,26,38
2020.10.14 22:30,28609.5,28,14,14
2020.10.15 00:15,28514.8,60,30,30
2020.10.15 00:25,28520.4,57,28,29
2020.10.15 00:50,28517.6,58,31,27
2020.10.15 00:55,28513.2,61,31,30
2020.10.15 01:45,28474.3,101,50,51
2020.10.15 02:00,28529.3,56,28,28
2020.10.15 02:15,28524.3,56,25,31
2020.10.15 02:30,28562.3,49,22,27
2020.10.15 04:05,28488.3,68,31,37
2020.10.15 04:45,28437.8,86,41,45
2020.10.15 06:35,28436.3,87,41,46
2020.10.15 07:00,28426.3,102,48,54
2020.10.15 07:05,28397.3,153,74,79
2020.10.15 07:45,28455.3,118,59,59
2020.10.15 08:25,28463.3,100,44,56
2020.10.15 08:30,28449.3,106,51,55
2020.10.15 08:40,28487.8,66,27,39
2020.10.15 09:15,28391.9,153,69,84
2020.10.15 09:25,28422.9,117,48,69
2020.10.15 09:45,28383.4,170,81,89
2020.10.15 10:35,28335.9,206,105,101
2020.10.15 10:55,28392.9,138,63,75
2020.10.15 11:05,28352.9,164,68,96
2020.10.15 11:10,28389.9,146,67,79
2020.10.15 12:10,28270.9,186,85,101
2020.10.15 13:00,28282.9,183,93,90
2020.10.15 13:25,28205.4,161,75,86
2020.10.15 14:15,28236.4,159,83,76
2020.10.15 15:55,28161.9,67,39,28
2020.10.15 16:10,28164.9,66,36,30
2020.10.15 16:20,28213.9,142,69,73
2020.10.15 16:35,28270.5,182,84,98
2020.10.15 16:40,28188.0,115,69,46
2020.10.15 19:00,28360.5,138,65,73
2020.10.15 19:05,28401.0,132,64,68
2020.10.15 19:10,28362.5,139,62,77
2020.10.15 19:15,28394.5,129,61,68
2020.10.15 19:20,28362.5,138,61,77
2020.10.15 19:25,28405.5,119,62,57
2020.10.15 19:30,28363.0,133,60,73
2020.10.15 19:45,28348.0,174,83,91
2020.10.15 20:00,28426.2,94,44,50
2020.10.15 20:05,28401.2,130,63,67
2020.10.15 20:45,28496.2,70,27,43
2020.10.15 21:05,28496.7,67,25,42
2020.10.15 21:10,28467.7,94,44,50
2020.10.15 21:15,28491.7,68,37,31
2020.10.15 21:30,28489.7,59,32,27
2020.10.15 21:45,28439.7,81,42,39
2020.10.15 22:30,28533.3,52,21,31
2020.10.15 22:35,28495.3,64,28,36
2020.10.15 22:40,28536.3,46,19,27
2020.10.15 23:05,28518.1,44,25,19
2020.10.15 23:15,28488.2,55,25,30
2020.10.16 00:00,28490.4,49,25,24
2020.10.16 00:10,28495.5,55,23,32
2020.10.16 00:15,28489.6,49,26,23
2020.10.16 00:50,28496.2,54,19,35
2020.10.16 01:00,28525.1,48,24,24
2020.10.16 01:35,28499.1,57,23,34
2020.10.16 01:40,28509.6,42,22,20
2020.10.16 02:00,28497.1,56,20,36
2020.10.16 02:25,28568.1,34,15,19
2020.10.16 02:30,28548.1,49,22,27
2020.10.16 03:00,28516.6,40,24,16
2020.10.16 03:05,28558.6,49,22,27
2020.10.16 03:20,28504.1,41,19,22
2020.10.16 03:55,28535.6,39,16,23
2020.10.16 04:50,28547.6,31,14,17
2020.10.16 04:55,28562.1,39,20,19
2020.10.16 05:15,28567.6,27,14,13
2020.10.16 05:30,28548.6,30,13,17
2020.10.16 05:50,28572.1,27,13,14
2020.10.16 07:30,28452.6,100,52,48
2020.10.16 07:50,28478.6,62,29,33
2020.10.16 07:55,28452.6,99,51,48
2020.10.16 08:20,28504.1,36,19,17
2020.10.16 08:25,28489.1,47,21,26
2020.10.16 08:55,28510.1,34,18,16
2020.10.16 09:20,28455.2,94,45,49
2020.10.16 09:40,28483.7,52,24,28
2020.10.16 09:45,28458.2,87,43,44
2020.10.16 10:00,28529.2,36,17,19
2020.10.16 10:55,28503.2,26,13,13
2020.10.16 11:00,28479.2,51,25,26
2020.10.16 11:05,28515.7,31,19,12
2020.10.16 11:20,28465.7,72,30,42
2020.10.16 11:35,28502.7,24,13,11
2020.10.16 11:50,28474.2,55,23,32
2020.10.16 12:50,28440.7,86,45,41
2020.10.16 13:05,28464.7,67,25,42
2020.10.16 13:45,28568.2,24,12,12
2020.10.16 14:05,28559.7,28,14,14
2020.10.16 14:45,28587.2,28,14,14
2020.10.16 15:45,28640.2,63,38,25
2020.10.16 16:30,28681.8,65,35,30
2020.10.16 16:50,28618.3,30,16,14
2020.10.16 17:30,28845.4,1,1,0
2020.10.16 18:25,28699.4,69,29,40
2020.10.16 19:15,28734.4,35,16,19
2020.10.16 19:20,28709.4,44,20,24
2020.10.16 19:25,28747.9,20,10,10
2020.10.16 19:40,28684.1,66,40,26
2020.10.16 19:45,28714.6,42,28,14
2020.10.16 19:50,28681.6,62,34,28
2020.10.16 20:40,28742.1,21,10,11
2020.10.16 20:45,28721.6,33,17,16
2020.10.16 20:50,28751.6,17,8,9
2020.10.16 21:20,28747.6,15,7,8
2020.10.16 21:35,28775.1,6,3,3
2020.10.16 21:55,28780.6,2,1,1
2020.10.16 22:20,28670.7,61,31,30
2020.10.16 22:40,28630.7,40,26,14
2020.10.16 22:45,28665.2,50,29,21
2020.10.16 23:20,28538.4,33,12,21
2020.10.16 23:50,28529.5,27,10,17
2020.10.19 01:20,28600.0,19,7,12
2020.10.19 02:15,28629.5,39,26,13
2020.10.19 02:30,28604.5,15,5,10
2020.10.19 02:40,28641.0,54,32,22
2020.10.19 02:55,28622.0,24,18,6
2020.10.19 03:20,28658.5,51,31,20
2020.10.19 03:25,28643.0,56,32,24
2020.10.19 03:35,28661.5,51,29,22
2020.10.19 04:40,28701.0,52,23,29
2020.10.19 04:55,28639.0,48,25,23
2020.10.19 05:00,28701.5,49,21,28
2020.10.19 05:20,28656.5,42,22,20
2020.10.19 05:25,28674.0,48,27,21
2020.10.19 05:45,28675.5,51,29,22
2020.10.19 05:50,28664.5,41,25,16
2020.10.19 06:25,28669.5,40,20,20
2020.10.19 06:30,28659.0,38,21,17
2020.10.19 06:50,28692.5,66,26,40
2020.10.19 06:55,28683.5,52,30,22
2020.10.19 07:10,28700.5,52,23,29
2020.10.19 07:20,28684.0,53,31,22
2020.10.19 07:25,28695.5,56,20,36
2020.10.19 07:50,28678.5,46,29,17
2020.10.19 10:30,28752.1,6,1,5
2020.10.19 11:05,28697.1,45,18,27
2020.10.19 12:20,28757.1,1,1,0
2020.10.19 12:40,28744.6,3,2,1
2020.10.19 13:20,28690.6,52,24,28
2020.10.19 13:40,28724.1,16,6,10
2020.10.19 13:45,28713.1,24,14,10
2020.10.19 14:00,28753.1,1,1,0
2020.10.19 14:40,28706.6,27,10,17
2020.10.19 15:05,28671.6,42,23,19
2020.10.19 15:20,28705.6,26,9,17
2020.10.19 15:55,28658.1,36,18,18
2020.10.19 16:25,28663.1,33,17,16
2020.10.19 16:50,28698.2,32,12,20
2020.10.19 17:10,28532.1,28,10,18
2020.10.19 17:30,28659.1,33,18,15
2020.10.19 18:00,28618.1,10,8,2
2020.10.19 18:50,28515.6,23,12,11
2020.10.19 19:05,28501.1,19,10,9
2020.10.19 19:10,28552.1,7,3,4
2020.10.19 20:05,28497.1,13,3,10
2020.10.19 20:15,28527.6,8,2,6
2020.10.19 21:15,28445.1,89,43,46
2020.10.19 22:10,28239.6,152,79,73
2020.10.19 22:35,28262.7,171,89,82
2020.10.19 22:50,28139.2,68,33,35
2020.10.19 23:55,28298.0,185,106,79
2020.10.20 00:20,28259.5,179,88,91
2020.10.20 01:30,28311.5,194,104,90
2020.10.20 01:35,28297.5,175,98,77
2020.10.20 01:40,28308.5,197,108,89
2020.10.20 02:25,28304.5,185,104,81
2020.10.20 03:40,28341.5,190,89,101
2020.10.20 03:45,28363.0,124,56,68
2020.10.20 04:00,28326.0,183,90,93
2020.10.20 04:20,28365.5,119,57,62
2020.10.20 04:40,28273.5,165,84,81
2020.10.20 05:15,28327.0,184,88,96
2020.10.20 06:25,28269.0,163,82,81
2020.10.20 07:10,28269.0,162,81,81
2020.10.20 07:25,28297.0,156,91,65
2020.10.20 08:00,28252.5,172,93,79
2020.10.20 08:05,28276.5,149,72,77
2020.10.20 08:30,28231.0,129,71,58
2020.10.20 08:55,28305.5,167,91,76
2020.10.20 09:05,28251.6,163,89,74
2020.10.20 09:30,28293.1,153,86,67
2020.10.20 10:25,28260.6,166,78,88
2020.10.20 11:00,28356.1,133,52,81
2020.10.20 11:20,28354.6,132,57,75
2020.10.20 11:55,28319.6,180,98,82
2020.10.20 12:25,28342.1,177,82,95
2020.10.20 12:50,28368.1,118,63,55
2020.10.20 13:15,28341.6,175,84,91
2020.10.20 13:50,28382.6,137,67,70
2020.10.20 14:45,28363.1,115,55,60
2020.10.20 14:55,28387.1,123,60,63
2020.10.20 15:00,28353.6,125,51,74
2020.10.20 15:05,28388.6,122,60,62
2020.10.20 15:20,28244.6,152,81,71
2020.10.20 16:00,28296.1,146,86,60
2020.10.20 16:10,28341.6,173,84,89
2020.10.20 16:35,28282.2,124,61,63
2020.10.20 17:25,28362.2,110,49,61
2020.10.20 17:30,28403.2,112,58,54
2020.10.20 17:35,28354.2,118,48,70
2020.10.20 17:50,28425.2,84,35,49
2020.10.20 18:25,28360.7,102,48,54
2020.10.20 18:50,28382.2,121,58,63
2020.10.20 18:55,28356.2,111,42,69
2020.10.20 19:05,28404.1,107,56,51
2020.10.20 19:10,28372.6,101,50,51
2020.10.20 19:15,28395.1,106,50,56
2020.10.20 19:55,28421.9,94,39,55
2020.10.20 20:25,28566.4,7,3,4
2020.10.20 20:30,28536.4,6,1,5
2020.10.20 21:05,28437.9,61,30,31
2020.10.20 21:15,28522.9,5,2,3
2020.10.20 21:50,28413.4,102,44,58
2020.10.20 22:00,28463.4,51,22,29
2020.10.20 22:15,28240.4,142,75,67
2020.10.20 22:25,28389.5,108,49,59
2020.10.20 22:35,28292.0,136,72,64
2020.10.20 23:00,28278.8,123,60,63
2020.10.20 23:40,28156.3,59,33,26
2020.10.20 23:50,28262.3,149,71,78
2020.10.21 00:30,28281.4,115,53,62
2020.10.21 00:35,28273.9,125,57,68
2020.10.21 02:50,28361.8,89,37,52
2020.10.21 03:20,28423.3,87,33,54
2020.10.21 03:25,28403.3,97,52,45
2020.10.21 03:30,28422.8,89,37,52
2020.10.21 04:15,28409.8,89,43,46
2020.10.21 04:45,28401.8,97,52,45
2020.10.21 04:55,28374.3,82,39,43
2020.10.21 05:20,28398.3,88,49,39
2020.10.21 05:25,28421.8,87,38,49
2020.10.21 05:35,28394.8,79,40,39
2020.10.21 06:10,28436.3,56,28,28
2020.10.21 06:15,28417.3,87,37,50
2020.10.21 06:30,28439.3,60,34,26
2020.10.21 06:35,28424.8,72,25,47
2020.10.21 08:00,28475.3,24,12,12
2020.10.21 08:35,28397.3,83,43,40
2020.10.21 08:50,28408.8,80,37,43
2020.10.21 09:25,28466.9,37,17,20
2020.10.21 09:35,28449.4,67,33,34
2020.10.21 10:25,28345.4,141,59,82
2020.10.21 10:35,28401.9,85,44,41
2020.10.21 10:50,28315.9,143,74,69
2020.10.21 12:00,28194.4,116,70,46
2020.10.21 12:55,28290.4,124,68,56
2020.10.21 13:00,28311.9,140,73,67
2020.10.21 13:15,28253.9,150,78,72
2020.10.21 13:30,28274.9,115,50,65
2020.10.21 13:35,28303.4,138,81,57
2020.10.21 13:40,28264.9,128,63,65
2020.10.21 13:50,28311.4,138,70,68
2020.10.21 14:15,28231.9,123,63,60
2020.10.21 14:20,28257.9,148,71,77
2020.10.21 14:25,28208.9,129,51,78
2020.10.21 14:55,28284.9,102,49,53
2020.10.21 15:35,28327.9,136,68,68
2020.10.21 16:00,28271.4,109,46,63
2020.10.21 16:55,28437.0,47,26,21
2020.10.21 17:00,28395.0,72,36,36
2020.10.21 17:35,28385.5,82,39,43
2020.10.21 17:40,28425.0,56,18,38
2020.10.21 18:20,28202.5,133,66,67
2020.10.21 18:50,28325.5,130,65,65
2020.10.21 19:05,28296.5,100,58,42
2020.10.21 19:40,28258.0,128,60,68
2020.10.21 20:10,28226.0,99,52,47
2020.10.21 20:30,28291.5,97,57,40
2020.10.21 20:50,28313.5,124,63,61
2020.10.21 20:55,28244.0,116,60,56
2020.10.21 21:15,28324.5,131,66,65
2020.10.21 21:20,28284.0,77,38,39
2020.10.21 21:45,28362.5,80,32,48
2020.10.21 21:50,28330.0,130,65,65
2020.10.21 22:45,28217.5,105,49,56
2020.10.21 23:00,28204.6,129,54,75
2020.10.21 23:05,28287.1,79,45,34
2020.10.21 23:45,28223.6,98,49,49
2020.10.22 00:50,28240.7,99,47,52
2020.10.22 01:05,28216.1,102,50,52
2020.10.22 01:30,28263.6,94,45,49
2020.10.22 02:15,28250.1,103,59,44
2020.10.22 02:45,28002.6,47,23,24
2020.10.22 03:00,28120.1,58,30,28
2020.10.22 03:25,28089.6,59,30,29
2020.10.22 04:05,28084.1,55,27,28
2020.10.22 04:20,28110.1,56,26,30
2020.10.22 04:45,28060.6,51,31,20
2020.10.22 04:50,28084.6,52,27,25
2020.10.22 04:55,28059.1,51,30,21
2020.10.22 05:00,28084.1,51,27,24
2020.10.22 05:30,28028.1,51,24,27
2020.10.22 05:55,28050.6,59,28,31
2020.10.22 06:00,28069.1,40,21,19
2020.10.22 06:10,28034.6,49,19,30
2020.10.22 06:45,28065.6,37,23,14
2020.10.22 07:00,28025.6,51,25,26
2020.10.22 07:45,28056.1,41,21,20
2020.10.22 08:55,28075.6,44,25,19
2020.10.22 10:10,28038.7,39,16,23
2020.10.22 10:35,28115.7,46,27,19
2020.10.22 10:45,28073.2,37,21,16
2020.10.22 11:00,28144.7,71,40,31
2020.10.22 11:10,28119.2,47,25,22
2020.10.22 11:30,28209.2,116,43,73
2020.10.22 11:45,28155.2,55,29,26
2020.10.22 11:55,28179.2,71,43,28
2020.10.22 12:55,28175.2,56,32,24
2020.10.22 13:05,28124.2,47,19,28
2020.10.22 14:00,28181.2,72,44,28
2020.10.22 14:20,28222.2,93,49,44
2020.10.22 14:35,28178.2,60,35,25
2020.10.22 14:50,28220.2,97,51,46
2020.10.22 14:55,28195.2,98,58,40
2020.10.22 15:00,28234.2,91,44,47
2020.10.22 15:35,28168.2,46,26,20
2020.10.22 16:00,28175.7,54,30,24
2020.10.22 16:05,28196.2,90,54,36
2020.10.22 16:10,28181.2,67,39,28
2020.10.22 16:45,28273.3,75,37,38
2020.10.22 16:50,28217.8,86,43,43
2020.10.22 16:55,28264.8,88,42,46
2020.10.22 17:45,28034.7,46,17,29
2020.10.22 18:00,28219.7,84,42,42
2020.10.22 18:05,28167.7,41,23,18
2020.10.22 18:40,28175.2,45,25,20
2020.10.22 21:00,28380.9,81,39,42
2020.10.22 21:10,28346.4,112,49,63
2020.10.22 21:20,28418.9,63,26,37
2020.10.22 21:30,28377.9,73,36,37
2020.10.22 21:35,28409.4,65,32,33
2020.10.22 22:35,28417.9,64,27,37
2020.10.22 22:45,28372.9,58,25,33
2020.10.22 22:50,28402.4,64,36,28
2020.10.22 23:35,28370.9,56,25,31
2020.10.22 23:40,28357.9,67,22,45
2020.10.22 23:50,28384.9,73,32,41
2020.10.23 00:25,28385.1,69,32,37
2020.10.23 00:35,28376.8,51,28,23
2020.10.23 01:50,28431.9,46,21,25
2020.10.23 02:25,28412.4,55,26,29
2020.10.23 02:30,28395.4,58,30,28
2020.10.23 02:35,28421.4,55,24,31
2020.10.23 03:40,28326.4,117,57,60
2020.10.23 03:55,28376.4,49,27,22
2020.10.23 04:05,28308.9,107,60,47
2020.10.23 04:40,28347.9,83,36,47
2020.10.23 04:50,28329.9,112,54,58
2020.10.23 05:00,28347.9,82,36,46
2020.10.23 05:10,28316.9,108,60,48
2020.10.23 06:40,28395.4,50,28,22
2020.10.23 06:50,28376.4,46,24,22
2020.10.23 07:00,28397.9,53,30,23
2020.10.23 07:10,28374.9,45,22,23
2020.10.23 07:30,28391.9,44,21,23
2020.10.23 08:35,28359.4,53,18,35
2020.10.23 09:15,28286.5,71,38,33
2020.10.23 09:30,28302.0,98,58,40
2020.10.23 09:35,28332.0,111,51,60
2020.10.23 09:40,28305.5,89,52,37
2020.10.23 09:45,28327.5,110,54,56
2020.10.23 10:05,28347.5,78,35,43
2020.10.23 10:35,28435.0,44,24,20
2020.10.23 11:30,28428.0,42,18,24
2020.10.23 11:40,28450.5,55,26,29
2020.10.23 12:30,28482.0,14,4,10
2020.10.23 12:45,28438.5,38,23,15
2020.10.23 12:50,28459.0,42,22,20
2020.10.23 12:55,28437.0,35,20,15
2020.10.23 13:00,28456.5,43,20,23
2020.10.23 13:05,28425.5,36,14,22
2020.10.23 13:10,28460.0,39,20,19
2020.10.23 13:45,28489.5,8,3,5
2020.10.23 14:20,28431.5,36,15,21
2020.10.23 15:00,28442.5,38,18,20
2020.10.23 15:15,28472.0,19,9,10
2020.10.23 15:25,28441.0,37,19,18
2020.10.23 16:15,28434.5,35,15,20
2020.10.23 16:35,28391.1,42,19,23
2020.10.23 16:50,28374.1,38,16,22
2020.10.23 16:55,28422.1,41,17,24
2020.10.23 17:05,28341.6,87,43,44
2020.10.23 17:10,28376.3,36,16,20
2020.10.23 17:20,28302.3,96,55,41
2020.10.23 18:15,28367.3,38,16,22
2020.10.23 18:25,28259.8,93,45,48
2020.10.23 18:50,28235.3,72,33,39
2020.10.23 19:05,28286.3,65,35,30
2020.10.23 19:55,28146.7,54,30,24
2020.10.23 20:05,28225.7,67,34,33
2020.10.23 20:10,28197.7,61,35,26
2020.10.23 20:35,28269.7,78,36,42
2020.10.23 21:05,28292.2,79,44,35
2020.10.23 21:10,28260.2,82,39,43
2020.10.23 21:30,28314.2,95,48,47
2020.10.23 22:30,28295.9,73,40,33
2020.10.23 22:55,28338.9,81,37,44
2020.10.23 23:35,28315.2,81,42,39
2020.10.23 23:50,28314.2,83,42,41
2020.10.26 01:25,28085.7,39,19,20
2020.10.26 01:55,28124.2,39,15,24
2020.10.26 02:20,28194.2,54,34,20
2020.10.26 02:25,28179.2,41,24,17
2020.10.26 02:50,28211.7,72,33,39
2020.10.26 03:05,28217.2,67,33,34
2020.10.26 03:55,28186.7,43,24,19
2020.10.26 04:10,28223.7,62,32,30
2020.10.26 04:55,28159.2,33,20,13
2020.10.26 05:00,28140.2,42,21,21
2020.10.26 05:15,28131.2,38,18,20
2020.10.26 05:35,28168.2,28,16,12
2020.10.26 06:55,28141.2,33,16,17
2020.10.26 07:30,28108.2,33,15,18
2020.10.26 08:20,28132.7,25,12,13
2020.10.26 08:25,28143.7,31,18,13
2020.10.26 08:45,28093.7,41,21,20
2020.10.26 08:50,28111.7,32,17,15
2020.10.26 09:35,28087.8,35,17,18
2020.10.26 09:40,28100.3,31,10,21
2020.10.26 10:25,27947.3,22,13,9
2020.10.26 10:35,27993.3,46,28,18
2020.10.26 10:40,27966.8,23,12,11
2020.10.26 10:50,28016.8,42,23,19
2020.10.26 11:00,27962.8,21,12,9
2020.10.26 11:45,28041.8,39,19,20
2020.10.26 11:50,28016.8,37,19,18
2020.10.26 11:55,28046.8,39,16,23
2020.10.26 12:00,28021.3,46,20,26
2020.10.26 12:20,28061.8,26,15,11
2020.10.26 12:25,28033.8,39,16,23
2020.10.26 12:30,28056.8,28,13,15
2020.10.26 12:50,27999.3,34,15,19
2020.10.26 12:55,28029.8,40,16,24
2020.10.26 13:05,27998.3,33,15,18
2020.10.26 13:25,28039.8,30,12,18
2020.10.26 13:45,28007.8,34,17,17
2020.10.26 14:05,28059.8,25,15,10
2020.10.26 14:30,28018.3,31,14,17
2020.10.26 16:15,28027.8,28,12,16
2020.10.26 17:40,27838.4,19,13,6
2020.10.26 18:10,27713.9,50,19,31
2020.10.26 18:20,27596.9,80,40,40
2020.10.26 18:25,27683.9,66,36,30
2020.10.26 18:40,27596.4,81,39,42
2020.10.26 18:45,27666.9,54,27,27
2020.10.26 19:00,27588.6,79,40,39
2020.10.26 19:05,27628.6,65,38,27
2020.10.26 19:10,27578.1,71,38,33
2020.10.26 19:15,27617.6,66,37,29
2020.10.26 19:20,27570.1,79,37,42
2020.10.26 19:25,27611.6,69,39,30
2020.10.26 19:45,27481.6,62,33,29
2020.10.26 20:05,27488.6,67,33,34
2020.10.26 20:10,27532.6,67,39,28
2020.10.26 21:20,27536.1,70,37,33
2020.10.26 21:45,27531.6,63,36,27
2020.10.26 22:10,27520.7,59,30,29
2020.10.26 22:50,27526.7,59,31,28
2020.10.26 23:25,27702.4,51,21,30
2020.10.26 23:35,27667.0,53,26,27
2020.10.27 01:15,27697.5,57,21,36
2020.10.27 01:45,27716.0,46,22,24
2020.10.27 02:35,27726.5,54,26,28
2020.10.27 03:35,27775.5,27,18,9
2020.10.27 04:45,27739.5,31,13,18
2020.10.27 05:05,27714.0,32,13,19
2020.10.27 05:10,27748.5,35,15,20
2020.10.27 05:20,27721.0,38,16,22
2020.10.27 05:40,27743.5,29,16,13
2020.10.27 06:15,27712.0,37,13,24
2020.10.27 06:25,27740.0,26,13,13
2020.10.27 06:30,27728.0,35,13,22
2020.10.27 06:35,27738.0,25,10,15
2020.10.27 06:40,27729.5,34,9,25
2020.10.27 06:45,27739.0,25,12,13
2020.10.27 08:00,27762.5,36,13,23
2020.10.27 08:45,27768.5,27,12,15
2020.10.27 08:50,27754.0,25,8,17
2020.10.27 09:00,27787.1,22,14,8
2020.10.27 09:05,27772.6,24,13,11
2020.10.27 10:20,27773.6,17,11,6
2020.10.27 10:30,27737.1,18,6,12
2020.10.27 10:55,27788.6,18,7,11
2020.10.27 11:50,27742.1,19,9,10
2020.10.27 12:20,27653.6,52,26,26
2020.10.27 12:30,27714.1,27,11,16
2020.10.27 12:40,27679.6,43,19,24
2020.10.27 13:45,27800.1,16,6,10
2020.10.27 13:50,27757.6,14,4,10
2020.10.27 14:00,27807.1,9,5,4
2020.10.27 14:05,27776.1,12,7,5
2020.10.27 14:20,27807.1,8,5,3
2020.10.27 14:25,27777.1,10,6,4
2020.10.27 16:00,27669.1,43,19,24
2020.10.27 16:10,27716.1,21,7,14
2020.10.27 17:25,27521.7,58,29,29
2020.10.27 17:35,27608.2,54,29,25
2020.10.27 17:40,27550.7,55,26,29
2020.10.27 17:50,27654.7,40,21,19
2020.10.27 18:00,27555.7,53,27,26
2020.10.27 18:10,27632.0,51,26,25
2020.10.27 18:30,27507.8,62,29,33
2020.10.27 19:05,27659.3,35,20,15
2020.10.27 19:15,27604.8,48,22,26
2020.10.27 19:20,27646.3,38,18,20
2020.10.27 21:20,27532.8,47,21,26
2020.10.27 21:25,27571.3,43,21,22
2020.10.28 00:00,27328.1,69,34,35
2020.10.28 00:05,27349.3,45,21,24
2020.10.28 00:55,27395.6,38,23,15
2020.10.28 01:50,27285.1,32,16,16
2020.10.28 02:45,27320.6,69,37,32
2020.10.28 03:00,27354.1,42,22,20
2020.10.28 03:50,27337.1,48,22,26
2020.10.28 05:10,27281.6,30,18,12
2020.10.28 05:40,27321.1,56,30,26
2020.10.28 05:55,27328.1,48,21,27
2020.10.28 07:50,27293.6,35,19,16
2020.10.28 08:00,27311.6,45,25,20
2020.10.28 08:50,27348.1,37,19,18
2020.10.28 09:00,27331.7,38,17,21
2020.10.28 09:05,27345.7,39,19,20
2020.10.28 09:55,27266.2,28,15,13
2020.10.28 10:00,27298.7,32,21,11
2020.10.28 11:00,27225.7,14,9,5
2020.10.28 12:15,27072.2,13,9,4
2020.10.28 12:40,26991.7,29,14,15
2020.10.28 12:45,27024.7,29,16,13
2020.10.28 12:50,26996.2,27,13,14
2020.10.28 13:05,27057.7,17,10,7
2020.10.28 13:10,27031.7,22,10,12
2020.10.28 13:20,27064.7,12,7,5
2020.10.28 14:10,26929.2,38,21,17
2020.10.28 14:20,26988.2,28,11,17
2020.10.28 14:25,26965.2,29,18,11
2020.10.28 15:10,26999.7,19,10,9
2020.10.28 15:55,26811.7,34,15,19
2020.10.28 16:20,26816.7,29,15,14
2020.10.28 16:45,27069.3,13,8,5
2020.10.28 17:25,26665.3,64,24,40
2020.10.28 17:35,26755.8,59,31,28
2020.10.28 17:50,26575.3,81,40,41
2020.10.28 17:55,26675.8,53,23,30
2020.10.28 18:00,26592.8,57,27,30
2020.10.28 18:30,26575.7,81,40,41
2020.10.28 19:55,26686.7,35,15,20
2020.10.28 20:35,26706.7,34,18,16
2020.10.28 20:55,26680.2,39,17,22
2020.10.28 21:15,26558.7,84,39,45
2020.10.28 21:30,26710.2,31,16,15
2020.10.28 23:15,26589.5,48,22,26
2020.10.28 23:20,26556.0,75,40,35
2020.10.28 23:55,26596.0,39,17,22
2020.10.29 01:35,26658.0,30,18,12
2020.10.29 03:25,26778.0,36,18,18
2020.10.29 03:35,26726.0,27,13,14
2020.10.29 04:50,26811.5,30,14,16
2020.10.29 05:50,26737.0,31,23,8
2020.10.29 06:15,26772.5,32,17,15
2020.10.29 06:20,26743.0,32,23,9
2020.10.29 06:30,26790.0,34,18,16
2020.10.29 06:40,26762.5,32,19,13
2020.10.29 07:25,26808.5,31,16,15
2020.10.29 07:55,26817.5,26,13,13
2020.10.29 08:05,26786.5,27,14,13
2020.10.29 08:25,26785.5,25,12,13
2020.10.29 08:35,26810.0,26,14,12
2020.10.29 10:35,26648.6,23,13,10
2020.10.29 10:40,26699.6,22,15,7
2020.10.29 10:45,26645.6,19,10,9
2020.10.29 11:05,26799.1,17,8,9
2020.10.29 11:15,26625.6,28,11,17
2020.10.29 11:25,26732.6,19,13,6
2020.10.29 11:55,26652.6,20,11,9
2020.10.29 12:10,26748.1,23,17,6
2020.10.29 12:20,26682.6,12,4,8
2020.10.29 12:25,26730.1,16,10,6
2020.10.29 12:50,26645.6,16,8,8
2020.10.29 13:20,26670.6,10,5,5
2020.10.29 13:35,26620.6,23,10,13
2020.10.29 15:05,26399.1,21,12,9
2020.10.29 15:10,26449.6,49,23,26
2020.10.29 15:35,26579.6,54,21,33
2020.10.29 15:40,26456.6,50,26,24
2020.10.29 15:50,26563.6,69,34,35
2020.10.29 16:40,26274.7,38,21,17
2020.10.29 18:45,26510.8,45,27,18
2020.10.29 19:05,26494.8,56,25,31
2020.10.29 20:15,26519.3,48,28,20
2020.10.29 21:25,26887.7,37,19,18
2020.10.29 22:15,26698.2,5,4,1
2020.10.29 22:50,26815.7,15,11,4
2020.10.29 23:35,26439.5,41,19,22
2020.10.30 00:00,26427.2,38,20,18
2020.10.30 00:15,26452.9,42,21,21
2020.10.30 00:20,26408.6,26,16,10
2020.10.30 01:00,26407.5,27,16,11
2020.10.30 01:05,26478.5,59,30,29
2020.10.30 01:10,26410.5,26,16,10
2020.10.30 01:50,26467.0,52,31,21
2020.10.30 01:55,26441.5,27,12,15
2020.10.30 02:25,26492.0,53,24,29
2020.10.30 03:20,26493.5,49,22,27
2020.10.30 03:25,26522.5,43,26,17
2020.10.30 03:30,26497.5,39,21,18
2020.10.30 03:35,26543.5,43,19,24
2020.10.30 03:45,26489.5,54,21,33
2020.10.30 03:50,26514.5,28,18,10
2020.10.30 04:25,26439.5,25,11,14
2020.10.30 04:55,26509.0,28,19,9
2020.10.30 05:15,26504.5,28,16,12
2020.10.30 05:25,26472.5,40,20,20
2020.10.30 05:30,26495.5,30,15,15
2020.10.30 06:05,26483.0,33,14,19
2020.10.30 06:15,26451.5,23,11,12
2020.10.30 06:20,26472.0,35,19,16
2020.10.30 06:25,26456.5,21,10,11
2020.10.30 06:35,26479.0,34,16,18
2020.10.30 07:25,26473.5,31,17,14
2020.10.30 07:30,26485.5,31,15,16
2020.10.30 09:20,26169.6,14,7,7
2020.10.30 09:35,26122.6,0,0,0
2020.10.30 09:40,26175.1,13,5,8
2020.10.30 09:45,26128.1,0,0,0
2020.10.30 09:50,26168.1,13,7,6
2020.10.30 09:55,26132.1,0,0,0
2020.10.30 10:25,26143.6,1,1,0
2020.10.30 11:35,26341.6,27,17,10
2020.10.30 11:50,26202.6,17,14,3
2020.10.30 12:00,26287.1,27,18,9
2020.10.30 12:50,26467.6,26,15,11
2020.10.30 13:10,26442.1,21,11,10
2020.10.30 13:20,26366.6,28,15,13
2020.10.30 13:35,26449.1,21,9,12
2020.10.30 13:40,26397.1,14,7,7
2020.10.30 14:35,26475.6,28,15,13
2020.10.30 14:40,26508.1,23,15,8
2020.10.30 14:50,26449.1,18,7,11
2020.10.30 14:55,26479.1,24,13,11
2020.10.30 15:20,26363.1,27,13,14
2020.10.30 15:50,26498.1,24,15,9
2020.10.30 16:00,26429.1,10,5,5
2020.10.30 16:05,26475.1,23,14,9
2020.10.30 16:50,26422.7,9,4,5
2020.10.30 17:05,26563.7,37,15,22
2020.10.30 17:45,26157.7,4,3,1
2020.10.30 17:50,26261.2,20,11,9
2020.10.30 18:40,26195.1,5,4,1
2020.10.30 19:05,26400.1,6,3,3
2020.10.30 19:10,26340.6,19,11,8
2020.10.30 19:25,26464.1,8,5,3
2020.10.30 21:55,26273.9,6,4,2
2020.10.30 22:00,26192.4,0,0,0
2020.10.30 22:35,26200.4,0,0,0
2020.11.02 01:15,26463.7,5,2,3
2020.11.02 01:45,26283.7,0,0,0
2020.11.02 02:05,26428.7,1,1,0
2020.11.02 02:15,26331.7,0,0,0
2020.11.02 02:20,26378.2,6,2,4
2020.11.02 02:25,26334.2,0,0,0
2020.11.02 03:00,26353.2,0,0,0
2020.11.02 03:15,26514.7,12,10,2
2020.11.02 03:50,26576.2,23,9,14
2020.11.02 04:00,26530.2,25,15,10
2020.11.02 04:05,26553.2,32,18,14
2020.11.02 04:45,26521.2,16,13,3
2020.11.02 05:00,26599.2,8,3,5
2020.11.02 05:10,26550.7,28,14,14
2020.11.02 05:15,26586.7,11,6,5
2020.11.02 05:50,26569.2,19,9,10
2020.11.02 06:00,26516.7,10,8,2
2020.11.02 06:15,26522.7,17,14,3
2020.11.02 06:30,26564.2,19,10,9
2020.11.02 07:25,26584.2,10,6,4
2020.11.02 07:50,26607.2,2,1,1
2020.11.02 08:05,26541.2,15,6,9
2020.11.02 08:20,26578.2,8,5,3
2020.11.02 08:35,26613.7,1,1,0
2020.11.02 09:10,26468.8,0,0,0
2020.11.02 10:15,26517.8,3,2,1
2020.11.02 10:20,26560.8,2,1,1
2020.11.02 10:30,26503.8,0,0,0
2020.11.02 11:10,26778.8,12,7,5
2020.11.02 12:15,26846.8,18,10,8
2020.11.02 12:40,26911.3,33,13,20
2020.11.02 12:45,26875.8,33,16,17
2020.11.02 12:55,27026.3,15,11,4
2020.11.02 13:35,27006.8,12,9,3
2020.11.02 14:10,26970.8,13,8,5
2020.11.02 14:35,26950.3,22,7,15
2020.11.02 15:00,26899.8,33,15,18
2020.11.02 15:05,26862.3,27,15,12
2020.11.02 15:20,26916.3,26,12,14
2020.11.02 15:35,26856.8,24,14,10
2020.11.02 15:40,26906.8,29,12,17
2020.11.02 15:50,26859.8,24,14,10
2020.11.02 15:55,26889.8,24,16,8
2020.11.02 17:05,26997.4,11,7,4
2020.11.02 18:20,26824.4,10,6,4
2020.11.02 18:30,26920.4,20,11,9
2020.11.02 18:35,26880.9,8,3,5
2020.11.02 19:00,26913.4,17,8,9
2020.11.02 19:05,26958.9,7,4,3
2020.11.02 19:20,26897.9,14,8,6
2020.11.02 20:30,26786.9,2,1,1
2020.11.02 20:35,26735.9,6,4,2
2020.11.02 20:55,26690.9,0,0,0
2020.11.02 21:10,26771.9,1,1,0
2020.11.02 21:15,26724.4,0,0,0
2020.11.02 21:55,26855.4,5,3,2
2020.11.02 22:20,26960.8,4,3,1
2020.11.02 23:45,26955.1,3,3,0
2020.11.02 23:55,26932.1,1,1,0
2020.11.03 00:00,26946.0,3,2,1
2020.11.03 00:35,26938.3,1,1,0
2020.11.03 01:35,27030.1,11,6,5
2020.11.03 02:00,27016.6,6,4,2
2020.11.03 02:10,26950.1,0,0,0
2020.11.03 02:30,27032.1,10,5,5
2020.11.03 02:35,27006.6,1,1,0
2020.11.03 03:10,27011.6,1,1,0
2020.11.03 04:35,27127.6,14,9,5
2020.11.03 04:40,27116.1,19,8,11
2020.11.03 05:50,27089.1,31,19,12
2020.11.03 06:45,27048.1,2,2,0
2020.11.03 06:50,27068.1,7,6,1
2020.11.03 06:55,27047.1,1,1,0
2020.11.03 07:15,27099.1,25,14,11
2020.11.03 07:20,27077.1,12,10,2
2020.11.03 07:45,27072.1,7,5,2
2020.11.03 08:00,27103.1,20,13,7
2020.11.03 08:05,27066.6,4,3,1
2020.11.03 08:35,27080.6,10,8,2
2020.11.03 08:40,27102.1,18,12,6
2020.11.03 08:45,27080.1,9,7,2
2020.11.03 08:50,27102.6,17,12,5
2020.11.03 09:05,27049.7,1,1,0
2020.11.03 09:25,27090.7,9,7,2
2020.11.03 10:55,27271.7,23,12,11
2020.11.03 11:05,27201.7,9,4,5
2020.11.03 13:05,27354.2,29,17,12
2020.11.03 13:20,27292.7,26,14,12
2020.11.03 13:25,27319.7,32,18,14
2020.11.03 13:30,27292.2,25,12,13
2020.11.03 14:15,27303.7,27,14,13
2020.11.03 14:30,27314.2,28,12,16
2020.11.03 15:05,27224.2,8,5,3
2020.11.03 15:50,27251.2,13,8,5
2020.11.03 16:10,27316.7,19,10,9
2020.11.03 16:30,27214.3,7,3,4
2020.11.03 17:05,27533.3,40,19,21
2020.11.03 17:10,27466.3,66,26,40
2020.11.03 17:20,27604.8,42,21,21
2020.11.03 18:30,27562.8,34,18,16
2020.11.03 19:05,27477.3,52,26,26
2020.11.03 19:35,27530.8,29,13,16
2020.11.03 20:10,27473.8,51,24,27
2020.11.03 21:25,27393.7,31,19,12
2020.11.03 22:05,27415.1,47,29,18
2020.11.03 23:25,27403.4,34,18,16
2020.11.04 00:00,27485.5,36,16,20
2020.11.04 00:45,27530.6,26,11,15
2020.11.04 02:00,27600.2,33,21,12
2020.11.04 02:15,27771.2,6,4,2
2020.11.04 02:25,27615.2,31,18,13
2020.11.04 04:40,27080.7,3,2,1
2020.11.04 05:25,27596.2,31,19,12
2020.11.04 05:40,27765.7,3,3,0
2020.11.04 05:55,27582.7,24,15,9
2020.11.04 06:45,27426.2,32,13,19
2020.11.04 07:50,27441.2,31,11,20
2020.11.04 07:55,27569.2,13,8,5
2020.11.04 08:05,27445.7,32,12,20
2020.11.04 08:10,27579.7,12,9,3
2020.11.04 08:50,27356.2,10,5,5
2020.11.04 09:00,27493.8,15,7,8
2020.11.04 09:20,27225.3,4,2,2
2020.11.04 09:25,27390.3,9,6,3
2020.11.04 09:45,27019.8,0,0,0
2020.11.04 10:00,27267.8,2,1,1
2020.11.04 10:05,27128.3,0,0,0
2020.11.04 10:40,27380.8,5,4,1
2020.11.04 10:55,27466.8,18,10,8
2020.11.04 11:00,27394.8,6,4,2
2020.11.04 11:35,27632.8,18,10,8
2020.11.04 11:50,27551.3,6,3,3
2020.11.04 12:30,27311.8,0,0,0
2020.11.04 13:05,27409.8,3,2,1
2020.11.04 13:10,27479.3,7,3,4
2020.11.04 14:05,27409.8,0,0,0
2020.11.04 14:35,27695.8,7,3,4
2020.11.04 15:15,27619.3,10,6,4
2020.11.04 15:25,27701.8,3,1,2
2020.11.04 15:55,27581.8,4,2,2
2020.11.04 16:25,27484.3,0,0,0
2020.11.04 16:30,27762.9,3,3,0
2020.11.04 17:20,28132.4,25,12,13
2020.11.04 19:10,28170.3,29,17,12
2020.11.04 20:05,28143.8,26,17,9
2020.11.04 20:10,28205.8,50,28,22
2020.11.04 20:35,28240.1,66,30,36
2020.11.04 21:05,28075.1,23,14,9
2020.11.04 21:10,28138.1,17,13,4
2020.11.04 22:30,27877.9,20,9,11
2020.11.04 22:35,27952.4,11,7,4
2020.11.04 23:05,27887.5,21,10,11
2020.11.04 23:40,27970.0,11,7,4
2020.11.05 00:30,27928.0,7,2,5
2020.11.05 00:40,27934.3,5,3,2
2020.11.05 00:50,27926.5,5,1,4
2020.11.05 01:10,27827.0,8,5,3
2020.11.05 02:30,27934.0,3,3,0
2020.11.05 02:40,27889.0,12,5,7
2020.11.05 02:45,27926.5,1,1,0
2020.11.05 03:10,27838.0,7,4,3
2020.11.05 03:30,27830.0,4,3,1
2020.11.05 03:45,27913.0,3,2,1
2020.11.05 03:50,27882.0,5,4,1
2020.11.05 04:35,27869.0,3,2,1
2020.11.05 04:40,27846.5,1,1,0
2020.11.05 04:55,27845.0,0,0,0
2020.11.05 05:30,28006.0,17,8,9
2020.11.05 05:45,27949.5,4,3,1
2020.11.05 05:50,28014.5,13,6,7
2020.11.05 06:15,28087.5,19,8,11
2020.11.05 06:40,28052.5,11,7,4
2020.11.05 06:45,28012.0,10,6,4
2020.11.05 06:55,28054.5,11,7,4
2020.11.05 07:05,27974.5,5,3,2
2020.11.05 07:15,28027.5,8,4,4
2020.11.05 07:55,28115.0,12,7,5
2020.11.05 08:35,27932.0,1,1,0
2020.11.05 08:45,28006.0,2,2,0
2020.11.05 10:00,28030.6,0,0,0
2020.11.05 10:25,28213.1,54,29,25
2020.11.05 10:50,28136.6,11,9,2
2020.11.05 11:10,28046.1,0,0,0
2020.11.05 11:30,28058.6,0,0,0
2020.11.05 11:40,28188.1,28,19,9
2020.11.05 12:15,28186.6,23,16,7
2020.11.05 12:20,28241.6,68,32,36
2020.11.05 12:30,28150.6,11,7,4
2020.11.05 13:00,28268.6,70,32,38
2020.11.05 13:05,28201.6,32,18,14
2020.11.05 13:45,28272.6,59,28,31
2020.11.05 13:50,28215.6,42,26,16
2020.11.05 13:55,28273.1,57,28,29
2020.11.05 14:30,28243.1,52,24,28
2020.11.05 15:30,28181.6,15,10,5
2020.11.05 15:45,28247.6,49,27,22
2020.11.05 16:40,28201.2,19,10,9
2020.11.05 17:20,28494.3,4,1,3
2020.11.05 17:55,28430.8,27,11,16
2020.11.05 18:00,28491.3,5,1,4
2020.11.05 18:10,28369.8,34,15,19
2020.11.05 18:15,28453.3,19,10,9
2020.11.05 19:05,28307.8,73,45,28
2020.11.05 19:10,28361.3,36,15,21
2020.11.05 20:10,28394.9,32,18,14
2020.11.05 20:50,28379.9,25,14,11
2020.11.05 21:30,28457.4,13,7,6
2020.11.05 21:35,28383.4,27,11,16
2020.11.05 22:15,28362.9,29,9,20
2020.11.05 22:45,28310.8,69,38,31
2020.11.05 23:25,28417.3,9,2,7
2020.11.05 23:50,28481.8,6,3,3
2020.11.06 00:30,28455.8,6,4,2
2020.11.06 00:45,28453.7,6,4,2
2020.11.06 01:10,28425.3,7,3,4
2020.11.06 01:45,28208.3,22,8,14
2020.11.06 02:30,28247.8,41,22,19
2020.11.06 03:00,28274.8,43,18,25
2020.11.06 03:35,28297.8,43,22,21
2020.11.06 03:40,28332.8,64,30,34
2020.11.06 03:45,28302.8,48,30,18
2020.11.06 03:55,28359.3,27,11,16
2020.11.06 04:10,28297.8,42,21,21
2020.11.06 04:25,28339.3,51,24,27
2020.11.06 04:45,28274.8,42,17,25
2020.11.06 04:55,28324.8,50,27,23
2020.11.06 05:15,28285.8,33,18,15
2020.11.06 05:20,28304.8,37,26,11
2020.11.06 05:30,28279.8,34,15,19
2020.11.06 05:45,28323.8,48,27,21
2020.11.06 06:10,28233.3,31,18,13
2020.11.06 06:35,28288.8,29,16,13
2020.11.06 07:20,28249.3,35,19,16
2020.11.06 07:45,28217.3,23,14,9
2020.11.06 07:55,28274.8,30,14,16
2020.11.06 08:05,28249.3,30,16,14
2020.11.06 08:15,28307.3,35,23,12
2020.11.06 09:00,28256.4,28,16,12
2020.11.06 09:05,28290.4,29,16,13
2020.11.06 09:15,28255.4,25,14,11
2020.11.06 09:40,28347.4,44,18,26
2020.11.06 09:50,28302.4,31,22,9
2020.11.06 10:40,28278.4,21,10,11
2020.11.06 11:10,28145.9,8,4,4
2020.11.06 11:25,28240.9,20,11,9
2020.11.06 11:40,28171.4,7,3,4
2020.11.06 11:45,28215.4,18,11,7
2020.11.06 12:00,28071.4,0,0,0
2020.11.06 12:50,28252.4,22,14,8
2020.11.06 12:55,28199.4,9,5,4
2020.11.06 13:50,28194.9,8,4,4
2020.11.06 14:05,28294.9,20,11,9
2020.11.06 14:40,28161.4,4,2,2
2020.11.06 14:50,28217.4,7,5,2
2020.11.06 16:15,28559.9,4,4,0
2020.11.06 17:25,28359.2,21,9,12
2020.11.06 17:50,28391.7,7,2,5
2020.11.06 18:05,28400.2,3,1,2
2020.11.06 18:25,28301.7,13,9,4
2020.11.06 18:45,28342.2,28,16,12
2020.11.06 18:50,28404.2,2,1,1
2020.11.06 18:55,28323.2,27,17,10
2020.11.06 19:00,28395.7,2,1,1
2020.11.06 19:15,28304.2,14,9,5
2020.11.06 19:20,28344.2,23,7,16
2020.11.06 19:25,28295.2,10,5,5
2020.11.06 19:30,28336.2,24,13,11
2020.11.06 19:35,28268.2,5,5,0
2020.11.06 19:50,28342.8,21,12,9
2020.11.06 20:20,28321.8,14,9,5
2020.11.06 20:25,28362.8,4,1,3
2020.11.06 20:30,28329.8,15,9,6
2020.11.06 20:35,28354.3,8,1,7
2020.11.06 21:30,28364.8,3,1,2
2020.11.06 21:45,28282.8,5,2,3
2020.11.06 21:55,28315.3,5,3,2
2020.11.06 22:05,28247.8,0,0,0
2020.11.09 03:30,28677.6,30,20,10
2020.11.09 04:00,28657.1,22,10,12
2020.11.09 04:05,28637.1,32,18,14
2020.11.09 04:10,28655.1,27,13,14
2020.11.09 04:20,28616.6,2,2,0
2020.11.09 04:55,28660.6,23,13,10
2020.11.09 05:10,28635.1,20,11,9
2020.11.09 05:30,28637.1,23,13,10
2020.11.09 06:05,28713.6,17,11,6
2020.11.09 06:15,28679.1,30,20,10
2020.11.09 06:20,28695.6,28,10,18
2020.11.09 06:25,28671.1,20,12,8
2020.11.09 06:35,28712.6,16,10,6
2020.11.09 07:10,28670.1,19,11,8
2020.11.09 07:30,28675.6,21,10,11
2020.11.09 07:40,28722.6,13,7,6
2020.11.09 08:20,28662.1,16,9,7
2020.11.09 08:35,28622.6,6,5,1
2020.11.09 09:15,28709.7,16,9,7
2020.11.09 09:50,28627.2,5,4,1
2020.11.09 10:15,28684.2,13,10,3
2020.11.09 10:50,28679.2,10,9,1
2020.11.09 11:15,28733.7,2,1,1
2020.11.09 11:35,28660.2,0,0,0
2020.11.09 11:50,28703.7,9,7,2
2020.11.09 11:55,28672.7,1,1,0
2020.11.09 12:05,28711.7,11,7,4
2020.11.09 12:25,28662.7,0,0,0
2020.11.09 12:55,28734.7,1,1,0
2020.11.09 13:15,28701.7,3,2,1
2020.11.09 13:20,28729.7,1,1,0
2020.11.09 14:15,29897.2,348,172,176
2020.11.09 15:00,29890.7,353,173,180
2020.11.09 15:10,29793.7,172,84,88
2020.11.09 16:00,29935.7,234,122,112
2020.11.09 16:55,29458.4,167,77,90
2020.11.09 18:10,29446.0,145,73,72
2020.11.09 18:40,29356.5,174,91,83
2020.11.09 18:45,29452.0,144,74,70
2020.11.09 19:50,29572.5,87,43,44
2020.11.09 20:10,29698.0,139,77,62
2020.11.09 20:30,29690.1,141,68,73
2020.11.09 20:40,29627.1,78,36,42
2020.11.09 21:30,29520.6,65,33,32
2020.11.09 22:10,29521.1,66,34,32
2020.11.09 22:15,29602.6,83,42,41
2020.11.09 22:25,29453.1,144,68,76
2020.11.09 23:05,29229.6,112,54,58
2020.11.09 23:25,29214.1,102,61,41
2020.11.10 00:45,29199.5,87,46,41
2020.11.10 02:55,29094.6,33,17,16
2020.11.10 03:00,29142.6,32,18,14
2020.11.10 03:05,29104.1,35,18,17
2020.11.10 03:10,29134.1,29,15,14
2020.11.10 03:20,29075.1,28,13,15
2020.11.10 03:50,29171.6,43,31,12
2020.11.10 06:30,28952.1,16,11,5
2020.11.10 07:50,28944.6,8,5,3
2020.11.10 09:30,29329.2,176,97,79
2020.11.10 09:35,29218.2,107,56,51
2020.11.10 09:50,29157.2,26,14,12
2020.11.10 10:10,29154.7,25,14,11
2020.11.10 10:25,29310.7,161,89,72
2020.11.10 11:35,29318.7,162,82,80
2020.11.10 12:25,29194.7,70,37,33
2020.11.10 12:35,29311.7,166,93,73
2020.11.10 12:50,29211.7,78,48,30
2020.11.10 12:55,29267.7,116,73,43
2020.11.10 13:00,29202.2,66,39,27
2020.11.10 13:15,29331.7,164,84,80
2020.11.10 13:20,29278.7,128,61,67
2020.11.10 13:35,29384.7,152,71,81
2020.11.10 14:00,29397.2,146,72,74
2020.11.10 14:20,29312.2,159,89,70
2020.11.10 14:30,29388.2,144,71,73
2020.11.10 16:00,29257.2,90,49,41
2020.11.10 16:30,29339.8,161,83,78
2020.11.10 16:45,29166.3,29,18,11
2020.11.10 17:10,29431.2,150,81,69
2020.11.10 17:40,29123.7,26,11,15
2020.11.10 18:20,29246.2,72,39,33
2020.11.10 18:35,29255.2,81,44,37
2020.11.10 18:45,29355.2,146,76,70
2020.11.10 18:50,29287.2,109,59,50
2020.11.10 19:20,29422.2,157,78,79
2020.11.10 19:35,29309.2,130,75,55
2020.11.10 20:30,29217.7,81,45,36
2020.11.10 22:05,29355.2,129,65,64
2020.11.10 22:35,29368.9,116,61,55
2020.11.10 22:55,29375.9,115,55,60
2020.11.10 23:55,29420.7,139,65,74
2020.11.11 00:05,29433.2,124,65,59
2020.11.11 00:10,29429.6,142,78,64
2020.11.11 00:50,29419.1,137,61,76
2020.11.11 01:20,29435.7,137,75,62
2020.11.11 01:25,29480.2,117,65,52
2020.11.11 01:45,29476.7,120,67,53
2020.11.11 02:10,29346.7,131,64,67
2020.11.11 02:15,29385.7,113,53,60
2020.11.11 02:20,29344.7,129,64,65
2020.11.11 02:40,29403.7,131,62,69
2020.11.11 03:10,29379.2,102,55,47
2020.11.11 03:45,29369.7,102,53,49
2020.11.11 04:30,29495.2,107,42,65
2020.11.11 04:35,29470.2,127,61,66
2020.11.11 04:55,29486.7,116,57,59
2020.11.11 05:25,29531.7,56,25,31
2020.11.11 06:15,29509.7,61,28,33
2020.11.11 06:45,29486.7,108,55,53
2020.11.11 07:10,29455.7,128,65,63
2020.11.11 07:20,29510.7,59,29,30
2020.11.11 08:15,29507.7,64,26,38
2020.11.11 08:20,29493.7,91,41,50
2020.11.11 09:15,29591.3,74,33,41
2020.11.11 09:20,29627.8,73,36,37
2020.11.11 09:25,29581.8,63,37,26
2020.11.11 10:05,29583.3,61,33,28
2020.11.11 10:25,29560.3,49,29,20
2020.11.11 10:35,29475.3,97,53,44
2020.11.11 11:30,29570.8,61,32,29
2020.11.11 11:55,29623.3,63,31,32
2020.11.11 12:10,29580.3,56,29,27
2020.11.11 12:25,29637.3,67,41,26
2020.11.11 13:30,29659.3,89,57,32
2020.11.11 13:55,29633.3,57,29,28
2020.11.11 14:10,29582.8,53,30,23
2020.11.11 14:20,29635.3,56,31,25
2020.11.11 14:40,29579.8,57,29,28
2020.11.11 15:05,29643.8,71,42,29
2020.11.11 16:05,29530.8,42,17,25
2020.11.11 16:20,29591.8,48,19,29
2020.11.11 16:40,29453.9,123,64,59
2020.11.11 17:25,29344.6,126,61,65
2020.11.11 17:40,29445.6,117,61,56
2020.11.11 18:30,29510.1,51,26,25
2020.11.11 18:35,29480.6,82,47,35
2020.11.11 18:45,29512.1,43,22,21
2020.11.11 18:55,29461.6,118,55,63
2020.11.11 20:10,29470.0,102,41,61
2020.11.11 20:20,29529.0,41,20,21
2020.11.11 21:05,29476.5,76,41,35
2020.11.11 21:50,29275.0,109,52,57
2020.11.11 22:00,29353.0,114,56,58
2020.11.11 22:05,29310.5,118,67,51
2020.11.11 22:15,29371.5,100,53,47
2020.11.11 22:50,29430.9,114,65,49
2020.11.11 22:55,29388.9,95,48,47
2020.11.11 23:40,29471.4,91,39,52
2020.11.11 23:45,29450.4,110,55,55
2020.11.11 23:50,29466.4,110,49,61
2020.11.12 00:25,29443.5,109,60,49
2020.11.12 00:30,29445.6,104,56,48
2020.11.12 00:35,29443.2,109,59,50
2020.11.12 00:40,29445.5,104,56,48
2020.11.12 00:45,29441.2,108,65,43
2020.11.12 01:45,29380.9,95,48,47
2020.11.12 01:50,29411.9,124,66,58
2020.11.12 02:10,29392.9,94,50,44
2020.11.12 02:20,29350.4,109,54,55
2020.11.12 03:00,29361.4,90,42,48
2020.11.12 03:40,29343.9,115,60,55
2020.11.12 03:45,29379.4,74,36,38
2020.11.12 04:00,29375.9,79,38,41
2020.11.12 04:20,29298.4,113,57,56
2020.11.12 04:35,29345.4,110,53,57
2020.11.12 04:55,29300.4,117,58,59
2020.11.12 05:05,29347.4,111,53,58
2020.11.12 05:45,29237.4,70,35,35
2020.11.12 05:55,29203.9,56,34,22
2020.11.12 06:05,29233.9,70,34,36
2020.11.12 06:15,29206.4,58,36,22
2020.11.12 06:30,29230.4,70,36,34
2020.11.12 06:40,29212.4,62,40,22
2020.11.12 06:45,29234.9,69,34,35
2020.11.12 09:10,29243.0,62,34,28
2020.11.12 09:25,29238.5,68,37,31
2020.11.12 09:30,29202.0,48,27,21
2020.11.12 09:35,29230.0,59,34,25
2020.11.12 09:55,29159.0,14,8,6
2020.11.12 10:35,29284.0,101,50,51
2020.11.12 10:55,29185.0,35,20,15
2020.11.12 11:05,29226.5,49,28,21
2020.11.12 11:35,29242.0,57,30,27
2020.11.12 11:40,29208.0,34,21,13
2020.11.12 11:55,29257.0,72,41,31
2020.11.12 12:00,29227.0,44,26,18
2020.11.12 12:25,29233.5,46,23,23
2020.11.12 12:50,29267.0,90,57,33
2020.11.12 12:55,29282.5,95,49,46
2020.11.12 13:00,29265.5,82,50,32
2020.11.12 13:40,29232.0,45,23,22
2020.11.12 13:50,29285.0,99,51,48
2020.11.12 15:45,29200.0,30,18,12
2020.11.12 15:50,29162.5,10,5,5
2020.11.12 16:00,29225.0,39,25,14
2020.11.12 16:05,29158.5,9,5,4
2020.11.12 16:35,29267.6,86,55,31
2020.11.12 16:55,29233.1,40,21,19
2020.11.12 17:00,29183.1,12,7,5
2020.11.12 17:15,29307.1,106,53,53
2020.11.12 17:25,29209.1,19,11,8
2020.11.12 17:40,29295.8,101,54,47
2020.11.12 17:55,29308.8,106,58,48
2020.11.12 18:00,29246.3,40,27,13
2020.11.12 18:40,29221.3,26,15,11
2020.11.12 19:00,29226.8,29,19,10
2020.11.12 19:50,29040.3,40,20,20
2020.11.12 19:55,29104.8,22,13,9
2020.11.12 20:15,28983.3,22,12,10
2020.11.12 20:20,29060.8,23,9,14
2020.11.12 20:25,28984.8,22,11,11
2020.11.12 20:45,29033.8,26,18,8
2020.11.12 21:00,29135.8,13,7,6
2020.11.12 21:45,28954.8,10,5,5
2020.11.12 22:05,28913.8,2,2,0
2020.11.12 22:40,28988.8,20,11,9
2020.11.12 22:45,28901.8,0,0,0
2020.11.12 23:10,29164.6,5,2,3
2020.11.12 23:50,29156.1,3,3,0
2020.11.13 00:30,29126.8,9,3,6
2020.11.13 00:35,29131.4,8,3,5
2020.11.13 00:55,29139.5,4,2,2
2020.11.13 01:00,29096.6,15,8,7
2020.11.13 01:05,29131.6,6,2,4
2020.11.13 01:15,29064.6,13,6,7
2020.11.13 01:45,29130.1,7,4,3
2020.11.13 02:00,29085.1,9,4,5
2020.11.13 03:15,29051.1,11,6,5
2020.11.13 03:35,28975.1,10,5,5
2020.11.13 03:45,29015.1,5,2,3
2020.11.13 04:05,28933.1,0,0,0
2020.11.13 04:15,28990.6,13,8,5
2020.11.13 04:55,29018.1,5,4,1
2020.11.13 05:30,28972.1,0,0,0
2020.11.13 05:50,29012.6,3,2,1
2020.11.13 06:55,29061.6,12,6,6
2020.11.13 07:10,29035.1,10,6,4
2020.11.13 07:15,29054.6,12,9,3
2020.11.13 07:25,29012.1,0,0,0
2020.11.13 07:30,29029.6,3,3,0
2020.11.13 07:35,29017.1,1,1,0
2020.11.13 08:15,29030.1,1,1,0
2020.11.13 10:00,29148.2,1,1,0
2020.11.13 10:05,29089.2,0,0,0
2020.11.13 10:40,29236.7,32,17,15
2020.11.13 10:55,29166.7,1,1,0
2020.11.13 11:05,29226.2,25,18,7
2020.11.13 11:10,29201.7,11,6,5
2020.11.13 12:05,29340.7,116,63,53
2020.11.13 12:10,29299.7,100,52,48
2020.11.13 13:10,29334.2,109,52,57
2020.11.13 13:45,29266.7,60,38,22
2020.11.13 13:55,29322.7,101,48,53
2020.11.13 14:10,29254.7,40,22,18
2020.11.13 15:10,29291.2,67,41,26
2020.11.13 15:15,29263.7,48,30,18
2020.11.13 15:55,29314.7,99,52,47
2020.11.13 16:30,29321.3,93,44,49
2020.11.13 16:35,29233.8,27,14,13
2020.11.13 17:30,29290.8,53,34,19
2020.11.13 17:35,29227.3,21,14,7
2020.11.13 17:55,29211.3,9,5,4
2020.11.13 18:05,29317.8,87,44,43
2020.11.13 18:10,29284.3,47,28,19
2020.11.13 19:00,29372.8,80,42,38
2020.11.13 19:05,29345.3,100,46,54
2020.11.13 19:10,29361.8,74,36,38
2020.11.13 20:10,29371.1,79,38,41
2020.11.13 20:25,29427.6,109,56,53
2020.11.13 21:15,29396.6,82,46,36
2020.11.13 23:05,29503.3,43,19,24
2020.11.13 23:10,29466.8,95,42,53
2020.11.13 23:20,29488.6,56,28,28
2020.11.13 23:25,29474.9,67,35,32
2020.11.13 23:30,29502.3,44,19,25
2020.11.13 23:35,29472.3,76,31,45
2020.11.16 01:20,29714.3,121,69,52
2020.11.16 01:35,29640.8,61,36,25
2020.11.16 01:55,29703.3,133,68,65
2020.11.16 02:15,29630.3,48,26,22
2020.11.16 02:25,29684.8,129,74,55
2020.11.16 02:35,29651.3,72,34,38
2020.11.16 02:50,29689.3,131,65,66
2020.11.16 03:30,29687.8,122,64,58
2020.11.16 04:15,29700.3,132,72,60
2020.11.16 04:20,29719.3,127,72,55
2020.11.16 04:30,29680.3,113,62,51
2020.11.16 05:00,29692.8,128,59,69
2020.11.16 05:05,29709.3,113,67,46
2020.11.16 05:20,29710.3,110,60,50
2020.11.16 05:40,29693.8,126,59,67
2020.11.16 06:25,29724.3,132,72,60
2020.11.16 06:30,29713.8,105,62,43
2020.11.16 06:35,29724.3,131,72,59
2020.11.16 06:40,29711.8,104,57,47
2020.11.16 07:20,29740.8,170,88,82
2020.11.16 07:25,29760.3,208,112,96
2020.11.16 07:30,29746.3,186,97,89
2020.11.16 07:40,29764.8,204,101,103
2020.11.16 07:50,29748.8,185,99,86
2020.11.16 08:05,29783.8,175,86,89
2020.11.16 08:10,29754.3,169,90,79
2020.11.16 08:15,29792.3,174,82,92
2020.11.16 08:35,29798.3,170,83,87
2020.11.16 08:50,29739.3,166,88,78
2020.11.16 09:30,29733.9,144,73,71
2020.11.16 10:05,29733.4,150,80,70
2020.11.16 10:25,29753.9,153,79,74
2020.11.16 10:40,29780.9,171,84,87
2020.11.16 10:55,29684.4,115,67,48
2020.11.16 12:20,29783.9,164,83,81
2020.11.16 12:50,29743.9,165,85,80
2020.11.16 13:25,29792.9,169,79,90
2020.11.16 13:45,29745.9,165,84,81
2020.11.16 14:25,29943.9,220,119,101
2020.11.16 14:50,29943.9,219,118,101
2020.11.16 15:25,29996.9,269,126,143
2020.11.16 16:10,29962.9,239,123,116
2020.11.16 16:30,29807.0,159,77,82
2020.11.16 16:35,29900.0,315,143,172
2020.11.16 16:55,29726.0,125,65,60
2020.11.16 17:40,29916.0,279,142,137
2020.11.16 18:00,29926.0,264,135,129
2020.11.16 18:10,29875.0,326,170,156
2020.11.16 18:20,29940.5,208,115,93
2020.11.16 18:25,29909.0,288,138,150
2020.11.16 18:40,29938.0,215,109,106
2020.11.16 18:50,29893.0,336,168,168
2020.11.16 19:50,29834.6,176,98,78
2020.11.16 19:55,29881.1,328,164,164
2020.11.16 20:35,29824.6,156,82,74
2020.11.16 20:55,29827.1,159,90,69
2020.11.16 21:00,29773.6,151,71,80
2020.11.16 21:10,29836.1,178,98,80
2020.11.16 21:55,29847.6,216,125,91
2020.11.16 22:05,29774.6,150,70,80
2020.11.16 22:10,29840.1,184,102,82
2020.11.16 22:15,29794.1,158,76,82
2020.11.16 22:20,29868.7,295,155,140
2020.11.16 22:45,29886.7,335,170,165
2020.11.16 22:50,29840.7,179,101,78
2020.11.16 23:40,29975.0,252,115,137
2020.11.17 01:10,29956.0,214,115,99
2020.11.17 01:15,29930.0,237,115,122
2020.11.17 01:20,29956.5,214,113,101
2020.11.17 01:40,29954.5,213,107,106
2020.11.17 02:55,29868.5,288,148,140
2020.11.17 03:10,29871.0,292,148,144
2020.11.17 04:55,29845.0,197,112,85
2020.11.17 05:10,29857.0,246,136,110
2020.11.17 05:20,29882.0,314,161,153
2020.11.17 05:25,29865.0,276,151,125
2020.11.17 05:55,29875.0,301,161,140
2020.11.17 06:10,29822.5,128,61,67
2020.11.17 06:40,29827.0,136,73,63
2020.11.17 06:55,29855.0,242,129,113
2020.11.17 07:45,29822.0,129,61,68
2020.11.17 07:50,29840.0,158,91,67
2020.11.17 08:30,29864.0,273,152,121
2020.11.17 09:05,29855.1,236,124,112
2020.11.17 09:45,29835.6,140,79,61
2020.11.17 10:30,29916.1,260,131,129
2020.11.17 10:45,29906.6,271,125,146
2020.11.17 10:55,29861.6,250,137,113
2020.11.17 11:00,29893.6,319,157,162
2020.11.17 11:25,29886.6,310,157,153
2020.11.17 11:50,29854.1,218,115,103
2020.11.17 12:10,29818.6,141,65,76
2020.11.17 12:20,29858.6,241,129,112
2020.11.17 12:40,29834.6,135,75,60
2020.11.17 13:30,29794.1,155,76,79
2020.11.17 14:10,29745.1,159,77,82
2020.11.17 14:15,29786.6,148,80,68
2020.11.17 14:45,29751.6,137,67,70
2020.11.17 15:00,29741.6,154,80,74
2020.11.17 15:55,29692.1,120,57,63
2020.11.17 16:05,29655.6,63,33,30
2020.11.17 16:20,29704.6,94,51,43
2020.11.17 17:20,29656.7,60,30,30
2020.11.17 18:30,29796.7,158,75,83
2020.11.17 18:35,29746.7,153,75,78
2020.11.17 18:40,29788.7,145,77,68
2020.11.17 19:15,29849.3,181,112,69
2020.11.17 19:20,29793.3,156,74,82
2020.11.17 19:45,29798.8,152,67,85
2020.11.17 20:00,29828.8,125,68,57
2020.11.17 20:40,29816.8,133,69,64
2020.11.17 21:30,29829.2,121,60,61
2020.11.17 21:45,29870.2,253,137,116
2020.11.17 22:40,29730.2,119,58,61
2020.11.17 23:35,29809.3,118,51,67
2020.11.18 00:00,29762.4,131,62,69
2020.11.18 00:20,29774.0,114,58,56
2020.11.18 00:50,29781.9,121,61,60
2020.11.18 01:30,29804.8,121,52,69
2020.11.18 01:45,29818.8,123,62,61
2020.11.18 01:50,29792.3,136,65,71
2020.11.18 02:10,29732.8,119,60,59
2020.11.18 02:20,29776.8,107,51,56
2020.11.18 02:45,29710.8,95,50,45
2020.11.18 03:45,29750.3,120,60,60
2020.11.18 04:20,29729.8,110,55,55
2020.11.18 05:05,29738.3,119,65,54
2020.11.18 05:20,29751.3,114,53,61
2020.11.18 05:30,29726.3,96,49,47
2020.11.18 05:45,29768.8,123,60,63
2020.11.18 06:05,29741.8,128,66,62
2020.11.18 06:15,29768.3,119,56,63
2020.11.18 06:25,29742.3,128,62,66
2020.11.18 06:30,29756.8,112,60,52
2020.11.18 06:55,29719.8,89,50,39
2020.11.18 07:10,29756.3,108,56,52
2020.11.18 08:00,29703.3,96,49,47
2020.11.18 08:30,29627.3,39,23,16
2020.11.18 08:35,29657.3,59,32,27
2020.11.18 09:10,29663.4,66,34,32
2020.11.18 09:20,29708.4,92,56,36
2020.11.18 09:25,29684.9,95,52,43
2020.11.18 10:00,29691.4,105,55,50
2020.11.18 10:05,29719.9,85,48,37
2020.11.18 10:10,29692.9,107,50,57
2020.11.18 10:25,29817.4,128,66,62
2020.11.18 10:35,29754.9,98,47,51
2020.11.18 10:45,29790.9,132,69,63
2020.11.18 11:05,29757.4,112,59,53
2020.11.18 11:25,29838.9,134,78,56
2020.11.18 11:30,29811.4,115,62,53
2020.11.18 11:45,29847.9,170,104,66
2020.11.18 11:50,29829.9,115,59,56
2020.11.18 12:40,29857.4,215,117,98
2020.11.18 13:10,29892.9,313,158,155
2020.11.18 13:25,29839.9,130,75,55
2020.11.18 14:15,29932.9,219,107,112
2020.11.18 14:20,29911.4,264,123,141
2020.11.18 14:40,29955.9,215,115,100
2020.11.18 15:55,29910.4,264,118,146
2020.11.18 16:45,29928.5,240,120,120
2020.11.18 17:05,29904.0,257,121,136
2020.11.18 17:20,29835.9,117,64,53
2020.11.18 17:50,29907.4,256,128,128
2020.11.18 17:55,29873.4,242,128,114
2020.11.18 18:10,29924.4,250,134,116
2020.11.18 19:40,29844.3,148,91,57
2020.11.18 20:30,29731.8,91,44,47
2020.11.18 21:05,29770.3,111,63,48
2020.11.18 21:25,29640.3,48,30,18
2020.11.18 22:10,29734.3,91,46,45
2020.11.19 00:00,29395.4,78,45,33
2020.11.19 00:20,29414.9,98,50,48
2020.11.19 00:25,29408.3,95,51,44
2020.11.19 00:45,29413.5,95,50,45
2020.11.19 01:20,29434.7,92,46,46
2020.11.19 02:10,29394.2,72,39,33
2020.11.19 02:20,29442.2,85,48,37
2020.11.19 02:50,29437.7,84,46,38
2020.11.19 03:20,29457.2,90,44,46
2020.11.19 05:45,29400.2,68,33,35
2020.11.19 05:50,29424.2,76,38,38
2020.11.19 06:15,29418.7,70,33,37
2020.11.19 06:20,29404.2,69,32,37
2020.11.19 06:35,29398.7,65,34,31
2020.11.19 07:20,29412.2,66,32,34
2020.11.19 07:40,29473.7,66,29,37
2020.11.19 08:00,29446.2,72,40,32
2020.11.19 08:05,29471.2,73,34,39
2020.11.19 08:40,29503.2,38,17,21
2020.11.19 10:00,29440.8,69,40,29
2020.11.19 11:20,29284.3,42,24,18
2020.11.19 11:30,29343.8,97,52,45
2020.11.19 11:35,29312.8,81,43,38
2020.11.19 11:45,29362.3,66,32,34
2020.11.19 12:40,29321.8,72,36,36
2020.11.19 13:20,29293.3,50,26,24
2020.11.19 14:00,29407.8,65,33,32
2020.11.19 14:05,29369.8,67,32,35
2020.11.19 14:45,29398.3,58,31,27
2020.11.19 14:50,29423.8,65,33,32
2020.11.19 15:00,29346.8,91,43,48
2020.11.19 15:45,29343.3,90,50,40
2020.11.19 16:05,29361.3,60,27,33
2020.11.19 16:15,29393.8,47,26,21
2020.11.19 16:55,29442.4,66,35,31
2020.11.19 17:25,29266.9,30,18,12
2020.11.19 18:10,29284.4,35,20,15
2020.11.19 18:35,29270.4,34,19,15
2020.11.19 19:20,29282.4,29,14,15
2020.11.19 20:00,29347.9,71,33,38
2020.11.19 20:25,29390.4,35,22,13
2020.11.19 20:50,29398.4,43,24,19
2020.11.19 21:10,29412.9,50,26,24
2020.11.19 22:05,29434.4,63,33,30
2020.11.19 22:25,29413.2,49,26,23
2020.11.19 22:40,29514.7,26,15,11
2020.11.19 22:45,29464.2,66,33,33
2020.11.19 23:25,29471.5,53,25,28
2020.11.20 00:45,29378.3,32,17,15
2020.11.20 01:25,29272.5,29,14,15
2020.11.20 02:10,29305.5,39,17,22
2020.11.20 02:15,29269.0,29,17,12
2020.11.20 03:25,29306.5,35,16,19
2020.11.20 03:40,29260.5,19,11,8
2020.11.20 03:55,29287.0,13,6,7
2020.11.20 04:10,29245.5,13,8,5
2020.11.20 04:20,29268.5,18,10,8
2020.11.20 04:35,29226.0,10,5,5
2020.11.20 04:55,29254.5,15,7,8
2020.11.20 05:05,29292.5,19,11,8
2020.11.20 05:50,29242.0,6,3,3
2020.11.20 05:55,29259.0,10,7,3
2020.11.20 06:00,29243.0,6,3,3
2020.11.20 06:25,29273.0,11,5,6
2020.11.20 06:50,29308.0,36,18,18
2020.11.20 06:55,29324.0,38,24,14
2020.11.20 07:25,29291.5,12,6,6
2020.11.20 07:40,29317.5,32,19,13
2020.11.20 07:45,29295.0,19,10,9
2020.11.20 08:25,29274.0,11,5,6
2020.11.20 08:40,29320.5,36,23,13
2020.11.20 09:10,29279.1,9,2,7
2020.11.20 10:05,29355.6,53,25,28
2020.11.20 10:10,29322.1,29,18,11
2020.11.20 10:25,29343.1,67,36,31
2020.11.20 10:45,29389.6,27,17,10
2020.11.20 10:50,29363.1,35,17,18
2020.11.20 10:55,29379.1,27,16,11
2020.11.20 11:45,29448.1,59,34,25
2020.11.20 12:00,29394.6,31,18,13
2020.11.20 12:15,29445.1,55,29,26
2020.11.20 12:20,29423.6,47,23,24
2020.11.20 12:50,29478.1,36,19,17
2020.11.20 13:10,29441.1,48,29,19
2020.11.20 13:15,29423.1,43,22,21
2020.11.20 13:20,29446.1,49,28,21
2020.11.20 13:35,29453.6,55,29,26
2020.11.20 13:40,29428.1,44,21,23
2020.11.20 14:05,29490.1,28,14,14
2020.11.20 14:20,29444.6,45,25,20
2020.11.20 14:40,29438.1,40,23,17
2020.11.20 14:45,29458.6,55,26,29
2020.11.20 14:50,29438.6,40,22,18
2020.11.20 15:35,29455.1,43,23,20
2020.11.20 16:00,29395.6,33,21,12
2020.11.20 16:35,29382.2,25,13,12
2020.11.20 16:55,29349.2,57,23,34
2020.11.20 18:20,29345.5,50,21,29
2020.11.20 18:35,29413.0,32,15,17
2020.11.20 18:50,29315.5,16,12,4
2020.11.20 19:15,29312.5,16,12,4
2020.11.20 20:00,29348.9,42,16,26
2020.11.20 20:05,29305.4,6,2,4
2020.11.20 20:25,29357.9,28,14,14
2020.11.20 20:30,29335.9,42,23,19
2020.11.20 21:05,29353.9,25,10,15
2020.11.20 21:15,29318.4,11,7,4
2020.11.20 21:35,29382.4,13,8,5
2020.11.20 21:45,29318.9,11,7,4
2020.11.20 21:50,29349.4,23,11,12
2020.11.20 22:15,29228.4,10,4,6
2020.11.20 22:25,29293.4,5,3,2
2020.11.20 22:30,29258.4,5,2,3
2020.11.20 22:45,29378.4,14,10,4
2020.11.20 23:20,29202.9,8,6,2
2020.11.23 01:25,29241.6,1,1,0
2020.11.23 02:20,29325.6,11,9,2
2020.11.23 02:25,29306.6,0,0,0
2020.11.23 03:20,29355.6,20,10,10
2020.11.23 03:35,29318.1,1,1,0
2020.11.23 03:40,29368.6,11,8,3
2020.11.23 03:55,29341.1,15,12,3
2020.11.23 04:10,29337.1,16,10,6
2020.11.23 04:15,29325.1,1,1,0
2020.11.23 04:55,29349.1,18,11,7
2020.11.23 05:00,29336.6,8,5,3
2020.11.23 05:20,29367.1,11,7,4
2020.11.23 05:55,29362.6,10,7,3
2020.11.23 06:45,29355.6,7,5,2
2020.11.23 07:35,29328.6,1,1,0
2020.11.23 08:45,29363.1,6,5,1
2020.11.23 08:50,29350.1,1,1,0
2020.11.23 09:30,29401.7,23,11,12
2020.11.23 09:35,29418.7,27,13,14
2020.11.23 09:45,29384.7,13,9,4
2020.11.23 10:30,29493.7,26,16,10
2020.11.23 11:05,29449.2,25,15,10
2020.11.23 11:15,29494.2,23,13,10
2020.11.23 11:40,29428.7,27,14,13
2020.11.23 11:55,29476.2,19,13,6
2020.11.23 12:00,29453.7,23,12,11
2020.11.23 12:05,29475.7,19,13,6
2020.11.23 12:30,29446.7,20,11,9
2020.11.23 12:40,29478.2,18,13,5
2020.11.23 12:45,29448.7,20,11,9
2020.11.23 12:50,29474.2,17,12,5
2020.11.23 12:55,29456.2,22,12,10
2020.11.23 13:00,29474.7,18,13,5
2020.11.23 13:30,29408.2,20,9,11
2020.11.23 13:55,29438.7,16,10,6
2020.11.23 14:05,29390.7,15,10,5
2020.11.23 14:30,29477.2,17,13,4
2020.11.23 15:35,29470.7,14,9,5
2020.11.23 16:00,29407.7,15,8,7
2020.11.23 16:15,29355.7,1,1,0
2020.11.23 17:10,29491.2,24,15,9
2020.11.23 17:15,29527.7,31,16,15
2020.11.23 17:30,29374.2,4,3,1
2020.11.23 17:55,29506.2,18,10,8
2020.11.23 18:15,29391.7,5,3,2
2020.11.23 18:25,29438.2,4,3,1
2020.11.23 18:55,29445.2,5,4,1
2020.11.23 19:30,29432.2,1,1,0
2020.11.23 20:15,29505.4,18,11,7
2020.11.23 20:35,29515.9,20,13,7
2020.11.23 21:10,29471.9,4,4,0
2020.11.23 21:30,29538.9,27,14,13
2020.11.23 22:35,29552.4,26,14,12
2020.11.23 22:50,29634.4,35,17,18
2020.11.23 23:10,29576.7,34,16,18
2020.11.24 00:35,29609.2,21,13,8
2020.11.24 00:55,29624.9,29,17,12
2020.11.24 01:00,29598.2,20,8,12
2020.11.24 01:40,29772.2,104,48,56
2020.11.24 01:50,29707.2,70,38,32
2020.11.24 01:55,29750.2,94,47,47
2020.11.24 02:10,29754.2,86,43,43
2020.11.24 02:15,29723.7,70,38,32
2020.11.24 02:35,29769.7,111,60,51
2020.11.24 02:40,29748.2,92,43,49
2020.11.24 03:05,29797.2,124,58,66
2020.11.24 03:45,29769.7,105,58,47
2020.11.24 03:50,29754.2,75,35,40
2020.11.24 04:45,29819.2,108,55,53
2020.11.24 04:50,29804.2,106,44,62
2020.11.24 05:05,29806.2,105,45,60
2020.11.24 05:25,29806.2,104,44,60
2020.11.24 05:45,29833.2,105,58,47
2020.11.24 07:00,29883.2,274,146,128
2020.11.24 07:05,29851.7,171,99,72
2020.11.24 07:10,29868.7,217,117,100
2020.11.24 07:40,29810.7,102,50,52
2020.11.24 08:10,29858.2,192,103,89
2020.11.24 09:25,29807.3,102,43,59
2020.11.24 09:40,29841.8,117,71,46
2020.11.24 09:55,29809.8,95,41,54
2020.11.24 10:25,29878.3,260,137,123
2020.11.24 10:30,29832.8,84,48,36
2020.11.24 10:35,29869.8,230,126,104
2020.11.24 10:55,29859.8,188,108,80
2020.11.24 11:00,29836.8,89,51,38
2020.11.24 11:25,29843.3,115,71,44
2020.11.24 11:40,29877.3,259,139,120
2020.11.24 11:55,29877.8,261,138,123
2020.11.24 12:10,29853.8,156,89,67
2020.11.24 12:40,29883.8,276,145,131
2020.11.24 13:15,29895.3,283,149,134
2020.11.24 13:20,29928.8,235,121,114
2020.11.24 13:35,29897.8,274,137,137
2020.11.24 13:40,29916.8,237,122,115
2020.11.24 14:10,29890.8,275,135,140
2020.11.24 15:10,29904.3,231,114,117
2020.11.24 15:30,29933.8,203,100,103
2020.11.24 16:05,29886.3,266,138,128
2020.11.24 16:20,29911.3,228,110,118
2020.11.24 16:35,29834.4,85,48,37
2020.11.24 17:20,29995.2,284,128,156
2020.11.24 17:50,29989.2,290,144,146
2020.11.24 18:10,29941.2,189,104,85
2020.11.24 18:55,30114.7,231,108,123
2020.11.24 19:25,30057.7,316,152,164
2020.11.24 19:30,30090.2,325,168,157
2020.11.24 19:50,30077.9,307,162,145
2020.11.24 19:55,30060.4,310,152,158
2020.11.24 20:35,30028.4,329,175,154
2020.11.24 20:40,30097.9,304,151,153
2020.11.24 21:00,30048.4,338,154,184
2020.11.24 21:30,29968.4,235,119,116
2020.11.24 21:40,30039.9,348,177,171
2020.11.24 22:10,30054.4,318,149,169
2020.11.24 22:15,30024.4,277,146,131
2020.11.24 23:05,30086.9,307,172,135
2020.11.24 23:15,30045.9,335,154,181
2020.11.25 00:10,30070.1,292,157,135
2020.11.25 00:40,30089.5,306,164,142
2020.11.25 01:00,30057.9,302,146,156
2020.11.25 01:10,30102.4,265,130,135
2020.11.25 01:20,30073.9,289,156,133
2020.11.25 02:20,30201.9,420,195,225
2020.11.25 03:25,30206.4,398,180,218
2020.11.25 03:40,30213.4,359,164,195
2020.11.25 03:55,30176.4,383,213,170
2020.11.25 04:00,30204.4,415,191,224
2020.11.25 04:15,30167.9,330,173,157
2020.11.25 04:20,30187.4,383,189,194
2020.11.25 05:00,30173.4,365,204,161
2020.11.25 05:05,30155.9,282,152,130
2020.11.25 05:10,30176.4,378,211,167
2020.11.25 05:30,30175.4,371,207,164
2020.11.25 05:50,30130.9,228,113,115
2020.11.25 06:15,30138.9,229,117,112
2020.11.25 06:25,30117.4,220,102,118
2020.11.25 06:30,30131.9,230,112,118
2020.11.25 06:35,30118.4,221,104,117
2020.11.25 07:20,30032.4,314,152,162
2020.11.25 07:55,30015.9,224,106,118
2020.11.25 08:05,30056.4,297,143,154
2020.11.25 08:20,30019.9,233,125,108
2020.11.25 09:45,30058.5,297,143,154
2020.11.25 10:05,30110.5,229,104,125
2020.11.25 10:35,30100.0,274,129,145
2020.11.25 10:55,30017.5,225,111,114
2020.11.25 11:15,30047.5,304,139,165
2020.11.25 11:55,29995.0,274,119,155
2020.11.25 12:00,30019.0,218,116,102
2020.11.25 12:15,30017.0,211,104,107
2020.11.25 12:35,30012.5,235,118,117
2020.11.25 13:05,29984.0,253,134,119
2020.11.25 13:15,29957.0,207,104,103
2020.11.25 13:45,30001.0,248,122,126
2020.11.25 14:05,30022.0,243,131,112
2020.11.25 14:10,30003.5,257,135,122
2020.11.25 15:45,29977.5,217,112,105
2020.11.25 16:05,29977.0,215,109,106
2020.11.25 17:05,29845.1,116,71,45
2020.11.25 17:15,29914.0,222,118,104
2020.11.25 17:25,29874.0,218,123,95
2020.11.25 17:30,29912.5,221,109,112
2020.11.25 17:40,29873.0,221,121,100
2020.11.25 17:50,29918.5,220,121,99
2020.11.25 17:55,29881.0,249,122,127
2020.11.25 18:05,29921.5,225,125,100
2020.11.25 18:30,29911.5,211,106,105
2020.11.25 18:55,29881.0,246,122,124
2020.11.25 19:05,29852.5,142,88,54
2020.11.25 19:20,29842.5,106,64,42
2020.11.25 19:30,29877.5,238,126,112
2020.11.25 19:35,29850.0,129,78,51
2020.11.25 20:05,29912.0,211,107,104
2020.11.25 20:30,29854.5,144,80,64
2020.11.25 20:55,29915.1,221,119,102
2020.11.25 21:10,29837.6,86,49,37
2020.11.25 21:15,29879.6,227,119,108
2020.11.25 21:20,29839.1,93,57,36
2020.11.25 21:25,29881.1,234,118,116
2020.11.25 22:20,29855.6,136,77,59
2020.11.25 22:30,29901.1,207,97,110
2020.11.25 22:45,29890.1,244,120,124
2020.11.25 22:50,29847.1,106,63,43
2020.11.25 23:35,29900.4,213,95,118
2020.11.26 00:05,29899.4,214,99,115
2020.11.26 00:30,29900.5,211,97,114
2020.11.26 00:50,29900.2,213,96,117
2020.11.26 01:15,29885.4,227,118,109
2020.11.26 01:55,29896.4,216,104,112
2020.11.26 02:15,29853.4,121,68,53
2020.11.26 02:45,29940.4,181,97,84
2020.11.26 03:10,29904.9,203,105,98
2020.11.26 03:45,29952.9,192,97,95
2020.11.26 03:55,29927.9,218,113,105
2020.11.26 04:20,29937.4,187,93,94
2020.11.26 04:25,29923.9,215,119,96
2020.11.26 04:40,29941.4,181,103,78
2020.11.26 05:55,29874.9,188,109,79
2020.11.26 06:40,29875.4,192,113,79
2020.11.26 07:40,29913.4,206,105,101
2020.11.26 08:30,29925.9,201,107,94
2020.11.26 08:55,29948.9,177,87,90
2020.11.26 09:40,29946.5,179,97,82
2020.11.26 10:20,29890.0,217,104,113
2020.11.26 10:25,29914.5,194,98,96
2020.11.26 11:00,29864.0,152,84,68
2020.11.26 11:20,29901.0,185,90,95
2020.11.26 11:25,29884.5,208,110,98
2020.11.26 11:45,29875.5,191,112,79
2020.11.26 11:50,29903.5,182,97,85
2020.11.26 12:15,29898.5,182,92,90
2020.11.26 12:20,29886.5,200,100,100
2020.11.26 12:25,29893.5,201,101,100
2020.11.26 13:00,29872.0,177,98,79
2020.11.26 13:10,29890.0,196,95,101
2020.11.26 13:15,29881.0,199,96,103
2020.11.26 13:20,29891.5,191,93,98
2020.11.26 14:05,29846.5,108,64,44
2020.11.26 14:10,29870.0,168,101,67
2020.11.26 14:45,29859.5,138,76,62
2020.11.26 14:50,29848.0,107,66,41
2020.11.26 15:50,29873.0,178,102,76
2020.11.26 16:05,29858.0,127,66,61
2020.11.26 16:45,29865.6,141,78,63
2020.11.26 17:10,29904.1,181,95,86
2020.11.26 18:05,29846.3,101,59,42
2020.11.26 18:35,29848.3,102,62,40
2020.11.26 18:40,29866.3,132,74,58
2020.11.26 18:45,29847.8,103,62,41
2020.11.26 19:15,29823.3,87,41,46
2020.11.26 19:20,29842.3,89,52,37
2020.11.26 19:40,29779.3,91,45,46
2020.11.26 20:05,29804.3,95,37,58
2020.11.26 20:50,29825.8,83,43,40
2020.11.26 20:55,29820.8,81,39,42
2020.11.26 22:10,29797.8,119,54,65
2020.11.26 22:30,29814.0,86,42,44
2020.11.26 22:35,29811.8,77,37,40
2020.11.26 22:55,29832.7,71,40,31
2020.11.26 23:25,29826.1,81,44,37
2020.11.26 23:40,29827.0,84,49,35
2020.11.27 02:25,29801.5,104,45,59
2020.11.27 02:35,29766.5,84,41,43
2020.11.27 02:45,29793.5,108,54,54
2020.11.27 02:50,29775.0,83,41,42
2020.11.27 03:20,29782.5,82,41,41
2020.11.27 04:25,29773.5,80,40,40
2020.11.27 05:05,29755.0,71,32,39
2020.11.27 05:10,29764.0,71,35,36
2020.11.27 06:00,29806.0,83,36,47
2020.11.27 06:15,29809.5,75,32,43
2020.11.27 06:20,29800.5,90,38,52
2020.11.27 07:10,29814.0,74,35,39
2020.11.27 07:20,29832.5,65,36,29
2020.11.27 08:55,29903.5,180,97,83
2020.11.27 09:10,29877.1,172,92,80
2020.11.27 09:15,29891.1,178,90,88
2020.11.27 09:30,29861.6,115,62,53
2020.11.27 09:50,29880.6,176,91,85
2020.11.27 10:10,29896.1,191,99,92
2020.11.27 10:20,29862.6,114,62,52
2020.11.27 11:15,29931.6,168,83,85
2020.11.27 12:10,29932.1,162,80,82
2020.11.27 12:35,29925.6,182,97,85
2020.11.27 12:40,29911.1,188,90,98
2020.11.27 12:45,29922.1,185,103,82
2020.11.27 13:00,29930.1,167,85,82
2020.11.27 13:30,29920.6,171,95,76
2020.11.27 14:05,29933.6,151,74,77
2020.11.27 14:25,29933.1,151,75,76
2020.11.27 14:30,29920.6,167,91,76
2020.11.27 15:05,29944.6,169,96,73
2020.11.27 15:30,29914.1,182,95,87
2020.11.27 16:30,29928.2,153,78,75
2020.11.27 16:40,30019.2,214,113,101
2020.11.27 16:55,29908.2,186,95,91
2020.11.27 17:10,29964.6,219,118,101
2020.11.27 17:20,29917.6,172,90,82
2020.11.27 17:25,29952.6,171,91,80
2020.11.27 17:35,29902.6,171,88,83
2020.11.27 17:55,29912.6,179,86,93
2020.11.27 18:35,29863.6,116,65,51
2020.11.27 19:30,29816.1,74,39,35
2020.11.27 19:50,29928.7,140,76,64
2020.11.27 20:10,29925.5,147,79,68
2020.11.27 20:15,29894.0,178,93,85
2020.11.27 20:55,29898.9,164,82,82
2020.11.27 21:10,29920.1,143,77,66
2020.11.27 21:15,29910.1,166,77,89
2020.11.27 21:20,29920.9,143,80,63
2020.11.27 22:10,29914.3,158,81,77
2020.11.27 22:15,29923.4,139,77,62
2020.11.27 22:20,29918.1,146,73,73
2020.11.27 22:25,29927.3,138,75,63
2020.11.30 01:25,29974.8,206,97,109
2020.11.30 03:35,29785.3,76,40,36
2020.11.30 03:40,29807.8,70,31,39
2020.11.30 03:50,29781.8,74,33,41
2020.11.30 03:55,29806.8,72,32,40
2020.11.30 04:30,29755.3,69,32,37
2020.11.30 04:40,29796.3,78,37,41
2020.11.30 04:45,29782.8,68,30,38
2020.11.30 05:05,29837.8,57,34,23
2020.11.30 05:35,29769.3,81,38,43
2020.11.30 06:30,29700.3,83,46,37
2020.11.30 06:40,29723.3,65,37,28
2020.11.30 06:45,29710.3,66,33,33
2020.11.30 06:50,29723.8,66,36,30
2020.11.30 07:35,29712.3,54,27,27
2020.11.30 08:00,29698.3,82,43,39
2020.11.30 08:30,29639.8,41,27,14
2020.11.30 08:45,29526.8,22,12,10
2020.11.30 09:50,29611.4,15,10,5
2020.11.30 10:00,29692.4,84,41,43
2020.11.30 10:15,29621.4,16,9,7
2020.11.30 10:40,29759.4,75,41,34
2020.11.30 11:10,29769.4,80,39,41
2020.11.30 11:35,29715.4,55,28,27
2020.11.30 12:00,29756.4,67,35,32
2020.11.30 12:25,29728.9,60,33,27
2020.11.30 12:50,29759.9,71,39,32
2020.11.30 13:00,29737.4,68,34,34
2020.11.30 13:05,29754.9,58,30,28
2020.11.30 13:10,29740.4,78,38,40
2020.11.30 13:15,29751.9,63,30,33
2020.11.30 13:35,29662.9,46,24,22
2020.11.30 14:20,29786.9,67,36,31
2020.11.30 14:25,29770.9,77,38,39
2020.11.30 14:35,29806.9,67,31,36
2020.11.30 15:35,29729.4,58,31,27
2020.11.30 16:55,29693.0,80,39,41
2020.11.30 17:15,29599.2,16,6,10
2020.11.30 17:20,29635.2,21,14,7
2020.11.30 18:05,29605.7,13,7,6
2020.11.30 18:55,29550.7,19,10,9
2020.11.30 19:00,29499.2,3,3,0
2020.11.30 19:30,29578.2,27,13,14
2020.11.30 20:00,29610.0,10,8,2
2020.11.30 20:35,29553.3,17,9,8
2020.11.30 21:25,29575.3,16,9,7
2020.11.30 21:40,29520.8,3,2,1
2020.11.30 22:10,29536.8,3,2,1
2020.11.30 22:20,29600.2,6,4,2
2020.11.30 22:30,29537.2,3,2,1
2020.11.30 23:45,29699.2,70,39,31
2020.12.01 00:15,29667.1,33,17,16
2020.12.01 00:25,29683.2,55,34,21
2020.12.01 01:10,29642.2,28,17,11
2020.12.01 01:15,29663.2,29,17,12
2020.12.01 02:00,29764.2,47,25,22
2020.12.01 02:05,29739.7,63,31,32
2020.12.01 02:10,29761.2,54,27,27
2020.12.01 02:20,29735.7,58,26,32
2020.12.01 02:50,29756.7,52,29,23
2020.12.01 03:10,29811.2,64,36,28
2020.12.01 04:55,29899.2,159,77,82
2020.12.01 05:00,29881.2,155,78,77
2020.12.01 05:20,29938.7,136,75,61
2020.12.01 05:35,29902.7,148,73,75
2020.12.01 06:35,29885.7,156,77,79
2020.12.01 06:40,29900.7,154,75,79
2020.12.01 07:05,29869.2,117,69,48
2020.12.01 07:25,29900.7,153,75,78
2020.12.01 08:05,29876.2,143,78,65
2020.12.01 08:10,29894.2,153,82,71
2020.12.01 08:15,29870.7,131,75,56
2020.12.01 08:25,29894.2,152,82,70
2020.12.01 08:50,29866.7,110,62,48
2020.12.01 09:05,29912.3,144,69,75
2020.12.01 09:15,29870.8,127,73,54
2020.12.01 09:20,29887.8,140,71,69
2020.12.01 10:00,29851.3,88,54,34
2020.12.01 10:40,29985.3,239,122,117
2020.12.01 10:55,29947.3,158,85,73
2020.12.01 11:00,29966.3,213,114,99
2020.12.01 11:05,29940.8,141,85,56
2020.12.01 12:00,29968.3,200,100,100
2020.12.01 12:25,29976.3,199,99,100
2020.12.01 12:30,29992.3,255,117,138
2020.12.01 12:40,29961.8,184,91,93
2020.12.01 12:45,29987.8,237,117,120
2020.12.01 12:50,29968.8,197,97,100
2020.12.01 13:00,30001.3,227,120,107
2020.12.01 13:25,30011.3,232,115,117
2020.12.01 14:45,29979.3,197,105,92
2020.12.01 14:50,29958.8,170,85,85
2020.12.01 15:00,29985.8,225,114,111
2020.12.01 15:30,29932.3,130,66,64
2020.12.01 15:40,29972.8,187,95,92
2020.12.01 15:45,29946.8,151,83,68
2020.12.01 15:55,29982.8,212,116,96
2020.12.01 16:05,29956.8,163,85,78
2020.12.01 16:10,29974.3,186,92,94
2020.12.01 16:20,29945.8,148,85,63
2020.12.01 16:50,30003.9,243,129,114
2020.12.01 16:55,29956.4,155,85,70
2020.12.01 17:20,30077.1,279,148,131
2020.12.01 18:15,30032.1,286,141,145
2020.12.01 18:55,29862.1,102,55,47
2020.12.01 19:30,29919.6,123,69,54
2020.12.01 19:50,29911.6,132,65,67
2020.12.01 20:40,29933.6,116,57,59
2020.12.01 20:50,29897.1,135,64,71
2020.12.01 21:15,29955.6,151,82,69
2020.12.01 21:45,29953.1,145,74,71
2020.12.01 22:25,29860.1,101,56,45
2020.12.01 22:55,29863.1,102,57,45
2020.12.01 23:20,29780.2,52,26,26
2020.12.01 23:25,29765.0,43,21,22
2020.12.01 23:35,29794.6,62,35,27
2020.12.02 00:35,29766.7,44,21,23
2020.12.02 02:10,29693.1,71,34,37
2020.12.02 02:15,29712.1,49,23,26
2020.12.02 02:20,29689.1,62,35,27
2020.12.02 03:10,29632.6,13,10,3
2020.12.02 03:20,29669.6,29,18,11
2020.12.02 03:45,29621.6,8,6,2
2020.12.02 04:00,29652.6,18,11,7
2020.12.02 04:10,29620.1,6,4,2
2020.12.02 05:00,29669.6,27,16,11
2020.12.02 05:35,29705.6,45,22,23
2020.12.02 06:00,29686.6,53,31,22
2020.12.02 07:55,29672.1,29,18,11
2020.12.02 08:25,29710.1,43,26,17
2020.12.02 09:15,29768.2,39,22,17
2020.12.02 10:05,29660.2,19,11,8
2020.12.02 10:15,29711.7,38,20,18
2020.12.02 10:30,29647.2,13,8,5
2020.12.02 11:20,29748.2,35,16,19
2020.12.02 12:05,29736.2,37,16,21
2020.12.02 12:10,29719.2,33,17,16
2020.12.02 12:15,29737.2,40,19,21
2020.12.02 12:20,29719.2,32,16,16
2020.12.02 13:00,29747.2,35,16,19
2020.12.02 13:30,29698.2,32,17,15
2020.12.02 13:55,29731.7,27,14,13
2020.12.02 14:10,29694.7,32,14,18
2020.12.02 14:40,29626.7,7,6,1
2020.12.02 15:00,29659.2,14,8,6
2020.12.02 15:25,29676.7,20,12,8
2020.12.02 15:30,29698.2,23,13,10
2020.12.02 16:00,29670.7,16,9,7
2020.12.02 16:10,29708.2,23,14,9
2020.12.02 16:30,29604.8,4,3,1
2020.12.02 16:40,29726.3,22,12,10
2020.12.02 16:45,29649.3,10,6,4
2020.12.02 17:30,29811.2,53,28,25
2020.12.02 17:50,29736.7,26,10,16
2020.12.02 18:10,29827.2,48,25,23
2020.12.02 18:50,29832.2,37,21,16
2020.12.02 19:10,29783.2,41,22,19
2020.12.02 19:25,29810.7,43,21,22
2020.12.02 19:35,29787.2,43,25,18
2020.12.02 19:50,29844.6,71,44,27
2020.12.02 20:20,29774.6,39,22,17
2020.12.02 20:35,29814.1,45,22,23
2020.12.02 20:45,29784.1,39,21,18
2020.12.02 20:50,29808.1,35,16,19
2020.12.02 21:00,29758.6,25,14,11
2020.12.02 22:00,29887.6,123,65,58
2020.12.02 22:15,29889.1,124,68,56
2020.12.02 22:25,29848.7,72,47,25
2020.12.02 22:55,29843.7,63,37,26
2020.12.02 23:10,29912.5,121,56,65
2020.12.02 23:25,29882.3,104,60,44
2020.12.02 23:40,29913.5,126,63,63
2020.12.03 00:35,29898.3,117,58,59
2020.12.03 01:35,29894.0,118,62,56
2020.12.03 02:00,29857.0,83,46,37
2020.12.03 02:10,29879.5,101,56,45
2020.12.03 02:45,29840.5,49,29,20
2020.12.03 02:55,29859.5,83,48,35
2020.12.03 03:00,29841.0,50,30,20
2020.12.03 03:50,29892.5,115,62,53
2020.12.03 04:20,29854.0,68,38,30
2020.12.03 05:35,29917.0,105,50,55
2020.12.03 05:50,29903.0,106,51,55
2020.12.03 05:55,29911.5,107,54,53
2020.12.03 06:20,29869.5,83,46,37
2020.12.03 06:50,29862.5,80,45,35
2020.12.03 07:10,29849.5,55,35,20
2020.12.03 07:30,29855.5,68,39,29
2020.12.03 07:35,29846.0,54,29,25
2020.12.03 07:40,29859.0,74,43,31
2020.12.03 08:40,29841.5,39,19,20
2020.12.03 09:15,29890.6,107,58,49
2020.12.03 09:35,29862.1,75,44,31
2020.12.03 09:45,29886.1,98,55,43
2020.12.03 10:00,29917.6,106,54,52
2020.12.03 10:15,29847.6,46,28,18
2020.12.03 10:20,29878.1,81,48,33
2020.12.03 10:55,29832.6,33,20,13
2020.12.03 11:05,29886.1,94,54,40
2020.12.03 11:25,29800.1,36,13,23
2020.12.03 11:55,29820.1,41,21,20
2020.12.03 12:00,29796.1,32,13,19
2020.12.03 12:20,29836.6,33,21,12
2020.12.03 14:05,29884.1,93,57,36
2020.12.03 14:25,29844.1,38,20,18
2020.12.03 15:40,29923.6,107,65,42
2020.12.03 16:10,29928.1,113,63,50
2020.12.03 17:20,30028.7,285,153,132
2020.12.03 17:25,29990.2,228,110,118
2020.12.03 17:50,30063.2,272,138,134
2020.12.03 18:00,30032.2,283,137,146
2020.12.03 18:05,30061.7,280,139,141
2020.12.03 18:10,30007.2,224,118,106
2020.12.03 18:40,30075.2,271,143,128
2020.12.03 20:55,29955.2,142,76,66
2020.12.03 22:00,30057.2,273,135,138
2020.12.03 22:05,30025.7,237,131,106
2020.12.03 22:40,29873.7,66,45,21
2020.12.03 22:45,30001.2,201,109,92
2020.12.03 23:45,29966.5,158,86,72
2020.12.04 00:00,29949.9,123,56,67
2020.12.04 00:15,29961.8,140,73,67
2020.12.04 01:10,29940.0,103,61,42
2020.12.04 02:10,29976.5,161,82,79
2020.12.04 02:25,30017.5,186,97,89
2020.12.04 02:50,29977.0,160,82,78
2020.12.04 03:10,29992.5,212,93,119
2020.12.04 03:20,30014.0,185,102,83
2020.12.04 03:45,29997.0,186,91,95
2020.12.04 04:05,29964.5,150,82,68
2020.12.04 04:40,29985.0,180,95,85
2020.12.04 04:55,30002.5,202,111,91
2020.12.04 05:35,29985.5,181,93,88
2020.12.04 06:40,29997.5,178,86,92
2020.12.04 07:35,30016.5,180,91,89
2020.12.04 07:55,30025.0,230,123,107
2020.12.04 09:25,29983.1,162,90,72
2020.12.04 09:30,29998.6,168,83,85
2020.12.04 09:45,29975.6,145,68,77
2020.12.04 11:00,30019.6,196,109,87
2020.12.04 12:25,30047.6,263,122,141
2020.12.04 13:35,30064.1,252,133,119
2020.12.04 14:25,30086.1,269,151,118
2020.12.04 15:00,30047.6,254,116,138
2020.12.04 15:15,30072.1,259,145,114
2020.12.04 15:40,30043.1,256,110,146
2020.12.04 15:45,30068.1,240,132,108
2020.12.04 15:55,30021.6,207,115,92
2020.12.04 16:00,30048.6,250,119,131
2020.12.04 16:15,30050.1,254,123,131
2020.12.04 17:00,30055.2,236,117,119
2020.12.04 17:05,30091.2,289,150,139
2020.12.04 17:10,30055.2,235,116,119
2020.12.04 17:45,30147.2,223,118,105
2020.12.04 18:00,30150.2,229,118,111
2020.12.04 18:05,30115.2,222,101,121
2020.12.04 18:15,30135.2,218,111,107
2020.12.04 19:25,30157.2,278,153,125
2020.12.04 20:25,30135.2,207,105,102
2020.12.04 20:55,30124.3,204,103,101
2020.12.04 21:20,30163.8,286,153,133
2020.12.04 21:45,30179.3,398,224,174
2020.12.04 22:00,30179.3,397,224,173
2020.12.04 22:15,30131.3,208,101,107
2020.12.04 22:20,30168.2,314,172,142
2020.12.04 22:25,30119.7,204,99,105
2020.12.04 22:50,30159.7,262,137,125
2020.12.04 23:00,30232.0,309,148,161
2020.12.04 23:25,30181.7,408,222,186
2020.12.04 23:30,30168.5,311,166,145
2020.12.04 23:40,30189.5,380,202,178
2020.12.07 01:15,30214.0,365,172,193
2020.12.07 01:30,30271.5,324,167,157
2020.12.07 01:35,30232.5,305,150,155
2020.12.07 02:20,30209.5,368,170,198
2020.12.07 02:25,30193.5,384,190,194
2020.12.07 02:40,30204.5,404,186,218
2020.12.07 02:55,30236.0,288,138,150
2020.12.07 03:10,30196.5,400,200,200
2020.12.07 03:15,30224.5,316,165,151
2020.12.07 04:15,30174.0,343,190,153
2020.12.07 04:20,30186.5,379,185,194
2020.12.07 04:40,30123.0,203,104,99
2020.12.07 05:00,30161.0,265,139,126
2020.12.07 05:15,30126.5,198,95,103
2020.12.07 05:45,30121.0,202,100,102
2020.12.07 05:50,30133.0,187,93,94
2020.12.07 06:00,30111.0,227,104,123
2020.12.07 06:25,30134.5,183,89,94
2020.12.07 06:30,30125.0,200,97,103
2020.12.07 06:35,30134.0,186,93,93
2020.12.07 07:00,30159.5,261,135,126
2020.12.07 07:55,30119.0,200,92,108
2020.12.07 08:30,30112.0,221,99,122
2020.12.07 08:45,30138.0,188,97,91
2020.12.07 09:00,30112.6,220,102,118
2020.12.07 09:25,30159.6,259,135,124
2020.12.07 10:45,30000.1,169,84,85
2020.12.07 11:10,30009.6,193,101,92
2020.12.07 11:55,30093.1,278,146,132
2020.12.07 13:00,30056.6,230,114,116
2020.12.07 13:35,30107.1,226,114,112
2020.12.07 13:45,30089.6,265,146,119
2020.12.07 14:05,30094.1,271,145,126
2020.12.07 14:15,30116.1,213,94,119
2020.12.07 14:45,30081.6,244,128,116
2020.12.07 14:55,30120.1,187,92,95
2020.12.07 15:35,30103.6,224,116,108
2020.12.07 16:30,30174.2,343,192,151
2020.12.07 17:00,30099.2,243,117,126
2020.12.07 17:05,30033.2,245,110,135
2020.12.07 17:50,30099.2,242,117,125
2020.12.07 18:05,30060.2,226,107,119
2020.12.07 18:25,30057.2,224,108,116
2020.12.07 18:45,30102.2,225,116,109
2020.12.07 19:05,30120.2,183,92,91
2020.12.07 19:30,30066.2,216,105,111
2020.12.07 20:30,30029.1,235,118,117
2020.12.07 20:35,30057.6,221,112,109
2020.12.07 20:45,29994.6,171,78,93
2020.12.07 20:55,30029.6,236,115,121
2020.12.07 21:00,29969.6,150,74,76
2020.12.07 21:15,29982.1,155,82,73
2020.12.07 22:30,30069.2,210,113,97
2020.12.07 22:45,29967.7,148,73,75
2020.12.07 23:05,30030.5,228,108,120
2020.12.08 02:35,30011.0,171,86,85
2020.12.08 02:55,29989.0,152,71,81
2020.12.08 04:15,29969.5,141,67,74
2020.12.08 05:00,29996.5,137,65,72
2020.12.08 05:35,29977.0,142,71,71
2020.12.08 05:40,29964.5,143,76,67
2020.12.08 06:10,30008.5,160,88,72
2020.12.08 07:15,30015.5,153,78,75
2020.12.08 07:50,30002.0,137,72,65
2020.12.08 08:05,30041.5,225,104,121
2020.12.08 09:10,29943.6,116,71,45
2020.12.08 09:55,30005.6,146,84,62
2020.12.08 10:10,29963.1,124,68,56
2020.12.08 11:55,29996.1,124,59,65
2020.12.08 12:05,29961.6,124,60,64
2020.12.08 12:30,29993.6,127,56,71
2020.12.08 12:35,29972.1,123,59,64
2020.12.08 12:40,29995.6,126,58,68
2020.12.08 12:45,29983.6,119,66,53
2020.12.08 12:50,29998.1,124,61,63
2020.12.08 14:25,29941.1,101,63,38
2020.12.08 14:30,29921.1,87,51,36
2020.12.08 14:35,29935.6,98,55,43
2020.12.08 14:40,29923.6,87,49,38
2020.12.08 15:25,29999.6,125,67,58
2020.12.08 15:50,29960.6,116,58,58
2020.12.08 16:05,29942.6,102,63,39
2020.12.08 16:10,29968.1,114,57,57
2020.12.08 16:50,30024.2,188,97,91
2020.12.08 16:55,30066.2,209,104,105
2020.12.08 17:00,30017.7,145,78,67
2020.12.08 17:10,30088.0,240,134,106
2020.12.08 17:45,30101.0,229,117,112
2020.12.08 17:50,30078.0,210,118,92
2020.12.08 18:10,30107.0,210,106,104
2020.12.08 19:10,30169.0,307,170,137
2020.12.08 19:15,30151.0,187,102,85
2020.12.08 19:50,30213.8,345,161,184
2020.12.08 20:15,30192.3,376,188,188
2020.12.08 20:20,30177.3,350,192,158
2020.12.08 20:25,30196.8,402,205,197
2020.12.08 20:30,30180.3,376,204,172
2020.12.08 20:35,30199.3,399,204,195
2020.12.08 20:40,30174.3,339,190,149
2020.12.08 21:50,30163.8,257,145,112
2020.12.08 22:15,30153.3,207,115,92
2020.12.08 22:30,30197.1,394,201,193
2020.12.09 00:35,30191.6,369,188,181
2020.12.09 00:40,30181.9,367,198,169
2020.12.09 00:55,30185.4,345,166,179
2020.12.09 01:00,30272.3,323,161,162
2020.12.09 01:15,30229.8,303,148,155
2020.12.09 02:15,30256.8,324,168,156
2020.12.09 02:55,30274.3,319,157,162
2020.12.09 03:00,30219.8,331,172,159
2020.12.09 03:05,30269.8,318,153,165
2020.12.09 03:45,30243.8,272,139,133
2020.12.09 03:55,30211.8,344,157,187
2020.12.09 04:25,30248.8,289,161,128
2020.12.09 04:40,30238.8,273,133,140
2020.12.09 05:00,30256.8,316,165,151
2020.12.09 05:05,30245.8,267,145,122
2020.12.09 05:10,30254.8,311,156,155
2020.12.09 05:45,30250.8,288,151,137
2020.12.09 05:50,30259.3,331,160,171
2020.12.09 06:05,30259.8,329,158,171
2020.12.09 07:30,30254.3,295,147,148
2020.12.09 08:15,30283.3,273,129,144
2020.12.09 08:40,30266.8,316,151,165
2020.12.09 08:45,30273.8,302,149,153
2020.12.09 09:00,30282.4,289,135,154
2020.12.09 09:25,30227.9,296,149,147
2020.12.09 10:55,30299.9,204,104,100
2020.12.09 11:30,30252.4,283,143,140
2020.12.09 11:50,30254.9,291,144,147
2020.12.09 12:30,30242.9,259,129,130
2020.12.09 13:40,30228.9,287,143,144
2020.12.09 14:20,30262.9,292,143,149
2020.12.09 14:25,30247.4,263,142,121
2020.12.09 14:30,30258.9,289,137,152
2020.12.09 14:55,30251.4,272,141,131
2020.12.09 16:15,30243.9,247,124,123
2020.12.09 18:05,30054.9,209,104,105
2020.12.09 18:10,30122.4,182,92,90
2020.12.09 18:20,30067.9,202,106,96
2020.12.09 18:50,30086.9,221,127,94
2020.12.09 19:10,30151.4,187,108,79
2020.12.09 19:25,30154.7,213,116,97
2020.12.09 19:50,30045.0,212,90,122
2020.12.09 19:55,30119.0,175,82,93
2020.12.09 20:05,30052.5,216,101,115
2020.12.09 20:10,30107.5,195,99,96
2020.12.09 20:35,29982.0,107,56,51
2020.12.09 20:55,29953.5,109,56,53
2020.12.09 21:25,30086.5,215,123,92
2020.12.09 22:10,30066.5,192,94,98
2020.12.09 22:25,29976.4,111,53,58
2020.12.09 23:00,29990.6,106,48,58
2020.12.09 23:35,30058.1,198,102,96
2020.12.10 00:15,30041.5,187,84,103
2020.12.10 00:25,30050.5,197,99,98
2020.12.10 00:40,30036.7,201,101,100
2020.12.10 01:35,30110.1,183,81,102
2020.12.10 02:00,30097.6,219,111,108
2020.12.10 02:05,30071.6,194,108,86
2020.12.10 02:10,30098.6,218,111,107
2020.12.10 02:45,30103.6,198,104,94
2020.12.10 03:35,30114.1,184,84,100
2020.12.10 03:50,30076.1,190,94,96
2020.12.10 04:40,30093.1,205,113,92
2020.12.10 05:05,30097.6,204,104,100
2020.12.10 05:45,30072.6,185,95,90
2020.12.10 07:10,30074.1,180,95,85
2020.12.10 07:25,30069.1,179,96,83
2020.12.10 08:10,30048.6,188,91,97
2020.12.10 08:25,30077.6,176,94,82
2020.12.10 09:00,30019.7,135,73,62
2020.12.10 09:30,30039.2,194,88,106
2020.12.10 10:40,30064.2,168,82,86
2020.12.10 10:50,30093.7,198,109,89
2020.12.10 11:00,30069.7,168,89,79
2020.12.10 11:40,30106.7,183,92,91
2020.12.10 11:45,30131.7,154,71,83
2020.12.10 11:55,30105.2,185,92,93
2020.12.10 12:10,30125.7,165,81,84
2020.12.10 12:30,30130.2,150,72,78
2020.12.10 12:35,30119.2,159,78,81
2020.12.10 14:35,30024.2,162,81,81
2020.12.10 15:25,30058.2,168,83,85
2020.12.10 16:10,29920.7,85,49,36
2020.12.10 16:40,30040.8,173,81,92
2020.12.10 16:45,29962.3,102,51,51
2020.12.10 16:55,30065.3,156,75,81
2020.12.10 17:30,29964.0,109,54,55
2020.12.10 17:45,29982.5,100,55,45
2020.12.10 17:55,30056.5,163,83,80
2020.12.10 18:10,30010.0,116,62,54
2020.12.10 19:15,30016.5,106,53,53
2020.12.10 19:20,29992.5,98,38,60
2020.12.10 20:15,30050.2,158,79,79
2020.12.10 21:30,29919.2,84,48,36
2020.12.10 22:20,30032.8,165,75,90
2020.12.10 22:25,30004.3,94,50,44
2020.12.10 22:30,30038.8,165,82,83
2020.12.10 22:35,30000.8,93,45,48
2020.12.10 23:15,29954.4,95,50,45
2020.12.10 23:20,29972.9,85,46,39
2020.12.10 23:25,29962.6,88,45,43
2020.12.11 00:20,30016.9,92,48,44
2020.12.11 02:05,30088.1,175,105,70
2020.12.11 02:10,30063.6,152,77,75
2020.12.11 02:15,30083.1,156,92,64
2020.12.11 02:25,30051.6,153,74,79
2020.12.11 02:50,30031.6,154,70,84
2020.12.11 03:15,30034.1,157,72,85
2020.12.11 03:20,30058.6,146,73,73
2020.12.11 04:10,30053.1,139,70,69
2020.12.11 06:40,29996.1,77,31,46
2020.12.11 06:50,30008.6,87,46,41
2020.12.11 07:00,29999.6,75,36,39
2020.12.11 07:05,30008.1,89,47,42
2020.12.11 07:50,29979.6,81,43,38
2020.12.11 08:50,30013.6,92,53,39
2020.12.11 09:05,29999.2,66,29,37
2020.12.11 09:30,30044.2,135,58,77
2020.12.11 10:50,29809.7,23,9,14
2020.12.11 11:05,29916.7,88,42,46
2020.12.11 11:45,29912.7,87,44,43
2020.12.11 12:00,29838.7,29,17,12
2020.12.11 12:50,29858.7,41,25,16
2020.12.11 13:40,29775.7,28,17,11
2020.12.11 13:45,29756.2,18,7,11
2020.12.11 14:30,29803.2,25,9,16
2020.12.11 15:05,29814.2,21,9,12
2020.12.11 15:10,29835.2,22,15,7
2020.12.11 16:20,29901.2,72,34,38
2020.12.11 17:15,29979.3,78,42,36
2020.12.11 17:40,29939.8,73,44,29
2020.12.11 17:50,29905.4,66,30,36
2020.12.11 18:15,29977.9,77,41,36
2020.12.11 18:45,29862.9,35,20,15
2020.12.11 19:20,29821.4,18,9,9
2020.12.11 19:35,29841.9,16,9,7
2020.12.11 20:05,29913.5,77,41,36
2020.12.11 20:15,29962.0,75,37,38
2020.12.11 20:20,29925.5,66,34,32
2020.12.11 20:35,30003.5,67,35,32
2020.12.11 20:45,29971.0,74,41,33
2020.12.11 20:55,30060.5,142,68,74
2020.12.11 21:25,30002.5,61,29,32
2020.12.11 21:40,30027.5,135,73,62
2020.12.11 21:45,30055.0,133,70,63
2020.12.11 22:05,29991.5,69,27,42
2020.12.11 22:25,30016.3,81,41,40
2020.12.11 22:40,30072.8,150,78,72
2020.12.11 23:10,30063.1,141,74,67
2020.12.14 01:05,30240.6,249,120,129
2020.12.14 01:45,30155.1,220,119,101
2020.12.14 02:40,30178.6,329,176,153
2020.12.14 02:50,30206.6,355,157,198
2020.12.14 02:55,30187.6,336,175,161
2020.12.14 03:00,30204.6,378,175,203
2020.12.14 03:15,30220.6,318,169,149
2020.12.14 04:45,30203.1,360,163,197
2020.12.14 05:10,30201.6,362,168,194
2020.12.14 05:40,30225.6,286,145,141
2020.12.14 06:10,30226.6,288,142,146
2020.12.14 06:30,30213.1,317,142,175
2020.12.14 06:35,30218.1,311,168,143
2020.12.14 06:50,30202.1,360,163,197
2020.12.14 07:10,30174.1,309,171,138
2020.12.14 07:30,30208.6,322,141,181
2020.12.14 08:50,30202.6,353,161,192
2020.12.14 08:55,30218.1,309,168,141
2020.12.14 09:10,30191.2,335,177,158
2020.12.14 09:45,30263.7,285,138,147
2020.12.14 10:00,30213.7,301,139,162
2020.12.14 10:15,30264.2,284,141,143
2020.12.14 10:25,30214.2,301,141,160
2020.12.14 10:55,30208.7,310,134,176
2020.12.14 11:00,30235.7,241,118,123
2020.12.14 11:15,30216.2,304,147,157
2020.12.14 11:25,30228.7,266,134,132
2020.12.14 11:30,30212.7,303,136,167
2020.12.14 11:45,30249.2,250,143,107
2020.12.14 12:05,30248.7,247,140,107
2020.12.14 12:25,30227.2,271,132,139
2020.12.14 12:45,30264.7,286,142,144
2020.12.14 13:20,30272.7,292,141,151
2020.12.14 13:25,30261.2,278,138,140
2020.12.14 13:50,30262.2,274,133,141
2020.12.14 14:40,30286.7,255,137,118
2020.12.14 14:50,30267.2,274,130,144
2020.12.14 15:00,30286.7,254,137,117
2020.12.14 15:25,30288.2,259,139,120
2020.12.14 16:50,30298.3,206,101,105
2020.12.14 16:55,30248.8,236,132,104
2020.12.14 17:05,30312.3,175,84,91
2020.12.14 17:20,30266.3,266,123,143
2020.12.14 17:30,30325.8,174,82,92
2020.12.14 18:10,30131.8,153,71,82
2020.12.14 19:10,30128.1,147,74,73
2020.12.14 19:35,30103.6,165,87,78
2020.12.14 19:45,30044.6,115,50,65
2020.12.14 20:00,30095.6,187,100,87
2020.12.14 20:35,30085.6,153,92,61
2020.12.14 20:45,30015.1,77,39,38
2020.12.14 20:55,30068.6,136,79,57
2020.12.14 21:35,29961.6,76,38,38
2020.12.14 21:55,30046.1,104,50,54
2020.12.14 22:15,29990.6,64,27,37
2020.12.14 22:50,29939.6,64,40,24
2020.12.15 01:00,29942.4,69,47,22
2020.12.15 01:05,29899.9,51,20,31
2020.12.15 01:35,29967.4,76,36,40
2020.12.15 02:05,29964.9,72,37,35
2020.12.15 02:20,29924.4,57,32,25
2020.12.15 02:35,29965.4,75,39,36
2020.12.15 02:40,29939.9,50,32,18
2020.12.15 02:50,29962.4,67,36,31
2020.12.15 03:45,29904.4,40,17,23
2020.12.15 04:25,29879.4,44,29,15
2020.12.15 04:55,29927.4,53,29,24
2020.12.15 05:30,29897.4,52,22,30
2020.12.15 05:35,29908.4,40,21,19
2020.12.15 06:10,29883.4,48,29,19
2020.12.15 06:15,29899.9,42,17,25
2020.12.15 06:20,29874.9,35,24,11
2020.12.15 06:30,29898.4,43,21,22
2020.12.15 06:35,29891.9,44,22,22
2020.12.15 08:15,29934.9,50,28,22
2020.12.15 08:30,29906.4,34,16,18
2020.12.15 09:25,29912.5,35,17,18
2020.12.15 10:15,29957.5,58,32,26
2020.12.15 10:40,29994.5,57,19,38
2020.12.15 11:00,30055.5,114,64,50
2020.12.15 11:20,30036.5,113,55,58
2020.12.15 11:25,30017.5,67,34,33
2020.12.15 11:50,30057.0,116,62,54
2020.12.15 12:20,30024.0,84,43,41
2020.12.15 12:35,30041.5,99,48,51
2020.12.15 12:55,30018.5,67,36,31
2020.12.15 13:05,30047.5,102,53,49
2020.12.15 13:20,30044.0,94,42,52
2020.12.15 13:35,30011.5,54,28,26
2020.12.15 15:50,30026.5,83,45,38
2020.12.15 16:10,30020.5,67,35,32
2020.12.15 17:00,29936.6,44,28,16
2020.12.15 17:25,29935.1,40,25,15
2020.12.15 17:30,29971.6,60,35,25
2020.12.15 17:40,29904.6,31,12,19
2020.12.15 18:05,29952.1,52,29,23
2020.12.15 18:25,30045.1,86,45,41
2020.12.15 18:55,30022.1,61,28,33
2020.12.15 19:20,30081.6,143,82,61
2020.12.15 20:15,30209.6,302,133,169
2020.12.15 20:55,30225.7,255,128,127
2020.12.15 21:15,30233.2,244,122,122
2020.12.15 21:20,30209.7,299,130,169
2020.12.15 21:25,30233.7,244,118,126
2020.12.15 21:30,30212.7,296,131,165
2020.12.15 22:15,30220.2,277,147,130
2020.12.15 22:30,30145.7,147,81,66
2020.12.15 22:45,30192.6,327,166,161
2020.12.15 22:50,30160.6,219,117,102
2020.12.15 23:25,30187.6,306,160,146
2020.12.16 00:15,30221.3,269,142,127
2020.12.16 00:20,30209.4,293,131,162
2020.12.16 00:25,30219.0,278,151,127
2020.12.16 00:30,30213.2,281,128,153
2020.12.16 01:25,30183.4,323,153,170
2020.12.16 02:30,30151.9,181,102,79
2020.12.16 03:55,30152.9,186,105,81
2020.12.16 04:40,30185.4,296,145,151
2020.12.16 04:50,30176.4,295,163,132
2020.12.16 05:40,30170.4,248,137,111
2020.12.16 05:50,30184.9,298,144,154
2020.12.16 06:25,30146.4,147,83,64
2020.12.16 07:20,30150.4,163,88,75
2020.12.16 09:40,30204.0,329,150,179
2020.12.16 10:25,30237.5,232,116,116
2020.12.16 10:55,30276.0,261,128,133
2020.12.16 11:15,30248.5,226,124,102
2020.12.16 12:55,30274.0,253,119,134
2020.12.16 13:35,30277.0,256,127,129
2020.12.16 13:50,30293.5,238,116,122
2020.12.16 14:05,30266.5,251,117,134
2020.12.16 14:10,30282.5,241,115,126
2020.12.16 14:20,30263.0,248,120,128
2020.12.16 15:15,30313.0,172,82,90
2020.12.16 16:15,30190.5,300,163,137
2020.12.16 16:45,30191.1,292,158,134
2020.12.16 16:50,30161.1,187,101,86
2020.12.16 17:15,30154.6,178,95,83
2020.12.16 17:30,30220.1,267,144,123
2020.12.16 18:05,30176.6,271,145,126
2020.12.16 18:10,30134.6,145,69,76
2020.12.16 18:35,30180.1,287,160,127
2020.12.16 18:40,30164.1,190,113,77
2020.12.16 18:45,30177.6,271,147,124
2020.12.16 18:55,30146.1,140,75,65
2020.12.16 19:00,30167.6,209,118,91
2020.12.16 19:35,30150.1,147,78,69
2020.12.16 19:50,30099.2,180,87,93
2020.12.16 20:10,30116.2,147,69,78
2020.12.16 20:20,30137.2,143,72,71
2020.12.16 20:25,30123.2,140,76,64
2020.12.16 20:30,30138.2,144,73,71
2020.12.16 21:15,30079.7,140,75,65
2020.12.16 22:10,30164.2,188,113,75
2020.12.16 22:30,30236.7,218,108,110
2020.12.16 23:05,30148.5,140,81,59
2020.12.16 23:20,30172.2,238,136,102
2020.12.17 00:05,30152.6,153,85,68
2020.12.17 00:30,30151.2,145,80,65
2020.12.17 01:35,30168.5,208,116,92
2020.12.17 01:45,30184.5,271,131,140
2020.12.17 02:40,30184.0,277,141,136
2020.12.17 02:45,30173.0,232,132,100
2020.12.17 04:05,30187.0,259,132,127
2020.12.17 04:35,30177.0,238,126,112
2020.12.17 05:20,30224.0,251,129,122
2020.12.17 05:40,30203.5,296,135,161
2020.12.17 05:50,30210.0,259,115,144
2020.12.17 05:55,30205.0,301,133,168
2020.12.17 06:05,30216.5,261,132,129
2020.12.17 06:10,30209.5,254,114,140
2020.12.17 07:05,30219.0,260,140,120
2020.12.17 07:50,30256.5,240,123,117
2020.12.17 08:05,30240.5,215,101,114
2020.12.17 08:25,30257.5,236,122,114
2020.12.17 08:35,30242.0,216,102,114
2020.12.17 10:15,30282.6,233,109,124
2020.12.17 10:55,30269.6,234,108,126
2020.12.17 11:05,30296.6,205,104,101
2020.12.17 11:10,30277.1,243,122,121
2020.12.17 11:30,30281.6,228,106,122
2020.12.17 11:40,30329.6,177,87,90
2020.12.17 11:55,30284.6,213,107,106
2020.12.17 12:10,30283.1,221,103,118
2020.12.17 14:05,30280.1,236,110,126
2020.12.17 14:10,30292.1,206,109,97
2020.12.17 14:35,30252.6,221,110,111
2020.12.17 15:50,30258.1,231,115,116
2020.12.17 15:55,30223.6,245,123,122
2020.12.17 16:20,30250.1,207,109,98
2020.12.17 16:55,30254.2,216,107,109
2020.12.17 17:10,30296.2,193,97,96
2020.12.17 18:45,30269.3,215,96,119
2020.12.17 18:50,30232.3,229,116,113
2020.12.17 19:00,30277.3,222,110,112
2020.12.17 19:15,30225.3,235,121,114
2020.12.17 19:30,30227.8,238,121,117
2020.12.17 20:15,30281.8,203,92,111
2020.12.17 20:20,30268.8,209,93,116
2020.12.17 20:25,30278.8,211,107,104
2020.12.17 20:45,30253.3,208,100,108
2020.12.17 21:05,30281.3,208,96,112
2020.12.17 21:10,30263.3,205,99,106
2020.12.17 21:20,30284.3,189,92,97
2020.12.17 21:35,30285.3,184,98,86
2020.12.17 22:00,30303.3,175,102,73
2020.12.17 22:15,30262.8,201,94,107
2020.12.17 22:25,30299.2,161,84,77
2020.12.17 22:30,30260.2,211,95,116
2020.12.17 23:25,30285.6,173,93,80
2020.12.17 23:55,30297.5,167,85,82
2020.12.18 00:15,30308.2,181,89,92
2020.12.18 01:00,30309.5,173,84,89
2020.12.18 01:10,30285.0,173,90,83
2020.12.18 01:30,30300.5,155,87,68
2020.12.18 01:35,30288.5,186,102,84
2020.12.18 02:30,30264.0,201,95,106
2020.12.18 02:45,30276.0,196,94,102
2020.12.18 02:55,30254.0,201,96,105
2020.12.18 03:15,30241.0,200,96,104
2020.12.18 03:30,30262.5,196,92,104
2020.12.18 04:55,30200.0,302,150,152
2020.12.18 06:35,30222.0,238,115,123
2020.12.18 07:55,30204.5,291,131,160
2020.12.18 08:05,30186.5,250,129,121
2020.12.18 08:50,30211.5,248,114,134
2020.12.18 09:00,30230.1,223,110,113
2020.12.18 09:10,30212.6,251,115,136
2020.12.18 09:25,30220.6,234,119,115
2020.12.18 10:50,30303.6,165,97,68
2020.12.18 11:00,30279.6,190,92,98
2020.12.18 11:20,30283.1,176,81,95
2020.12.18 11:50,30279.1,190,96,94
2020.12.18 13:00,30309.6,169,83,86
2020.12.18 13:20,30309.1,166,82,84
2020.12.18 14:05,30324.1,170,83,87
2020.12.18 15:05,30275.6,193,88,105
2020.12.18 15:25,30264.6,198,93,105
2020.12.18 16:00,30267.1,198,87,111
2020.12.18 17:00,30151.2,139,76,63
2020.12.18 17:10,30224.7,209,110,99
2020.12.18 17:50,30115.4,138,61,77
2020.12.18 18:15,30046.9,80,42,38
2020.12.18 18:25,30129.4,123,59,64
2020.12.18 18:40,30089.9,165,94,71
2020.12.18 19:10,30119.4,125,60,65
2020.12.18 19:40,30207.5,250,108,142
2020.12.18 20:20,30110.5,145,65,80
2020.12.18 20:25,30140.5,124,64,60
2020.12.18 20:45,30122.5,117,58,59
2020.12.18 20:50,30105.5,149,72,77
2020.12.18 20:55,30120.0,121,60,61
2020.12.18 21:15,30067.0,117,63,54
2020.12.18 21:20,30100.5,161,75,86
2020.12.18 21:25,30065.0,108,55,53
2020.12.18 22:05,30106.5,145,71,74
2020.12.18 22:10,30060.0,100,48,52
2020.12.18 22:15,30100.5,159,75,84
2020.12.18 22:25,30030.2,73,34,39
2020.12.21 01:25,30284.5,146,70,76
2020.12.21 02:05,30309.5,149,76,73
2020.12.21 03:10,30309.0,146,76,70
2020.12.21 03:50,30180.5,238,127,111
2020.12.21 04:15,30209.0,236,103,133
2020.12.21 04:20,30230.5,201,97,104
2020.12.21 04:40,30196.5,273,139,134
2020.12.21 05:05,30207.5,240,101,139
2020.12.21 05:50,30204.0,276,125,151
2020.12.21 06:35,30227.5,196,99,97
2020.12.21 07:50,30295.0,136,71,65
2020.12.21 08:20,30267.5,180,75,105
2020.12.21 08:25,30249.5,163,88,75
2020.12.21 08:30,30269.0,170,67,103
2020.12.21 09:15,30195.1,264,137,127
2020.12.21 09:50,30082.1,123,71,52
2020.12.21 09:55,30120.6,117,60,57
2020.12.21 10:05,30060.1,97,45,52
2020.12.21 10:30,30087.6,130,74,56
2020.12.21 10:40,30161.6,144,86,58
2020.12.21 11:10,30068.6,106,59,47
2020.12.21 11:20,30127.6,103,50,53
2020.12.21 12:30,29606.1,4,3,1
2020.12.21 13:15,29695.1,10,8,2
2020.12.21 13:20,29594.1,0,0,0
2020.12.21 13:45,29787.1,24,15,9
2020.12.21 14:25,29690.1,6,5,1
2020.12.21 15:15,29665.1,2,2,0
2020.12.21 16:15,29902.6,32,13,19
2020.12.21 16:20,29860.6,21,13,8
2020.12.21 16:45,29972.2,54,32,22
2020.12.21 16:50,30058.7,94,48,46
2020.12.21 17:05,29796.7,12,7,5
2020.12.21 17:10,29893.7,33,17,16
2020.12.21 17:20,29744.2,6,1,5
2020.12.21 18:50,30054.7,87,52,35
2020.12.21 18:55,30016.7,48,25,23
2020.12.21 20:15,30202.2,269,126,143
2020.12.21 20:20,30178.7,226,119,107
2020.12.21 20:40,30267.7,174,72,102
2020.12.21 20:55,30260.2,182,82,100
2020.12.21 22:20,30188.2,230,122,108
2020.12.21 22:25,30218.2,191,106,85
2020.12.21 22:35,30150.2,105,55,50
2020.12.21 22:40,30213.7,202,90,112
2020.12.21 22:50,30110.8,126,58,68
2020.12.22 01:35,30167.1,179,105,74
2020.12.22 02:55,30114.1,115,54,61
2020.12.22 03:10,30129.6,98,46,52
2020.12.22 03:30,30202.6,245,114,131
2020.12.22 03:40,30173.6,204,114,90
2020.12.22 03:45,30196.1,240,126,114
2020.12.22 04:10,30158.1,116,63,53
2020.12.22 04:35,30211.6,200,91,109
2020.12.22 04:40,30192.1,202,105,97
2020.12.22 05:25,30174.6,191,111,80
2020.12.22 06:20,30094.6,143,75,68
2020.12.22 06:55,30101.6,135,66,69
2020.12.22 07:00,30055.6,83,49,34
2020.12.22 07:05,30120.6,102,51,51
2020.12.22 07:25,30035.1,63,34,29
2020.12.22 07:35,30070.1,107,57,50
2020.12.22 07:55,30073.6,101,50,51
2020.12.22 08:10,30023.6,56,27,29
2020.12.22 08:20,30073.6,100,50,50
2020.12.22 08:30,30046.6,57,28,29
2020.12.22 09:20,30073.7,99,50,49
2020.12.22 10:00,30073.7,98,49,49
2020.12.22 10:10,30152.2,102,55,47
2020.12.22 10:25,30088.7,115,67,48
2020.12.22 11:00,30192.2,205,104,101
2020.12.22 11:10,30252.2,161,87,74
2020.12.22 12:15,30184.2,199,94,105
2020.12.22 14:15,30230.7,168,82,86
2020.12.22 14:20,30215.7,176,85,91
2020.12.22 15:15,30228.2,164,85,79
2020.12.22 15:25,30188.2,185,95,90
2020.12.22 16:20,30208.2,184,77,107
2020.12.22 16:45,30135.8,90,42,48
2020.12.22 17:30,30142.3,90,44,46
2020.12.22 17:35,30106.8,108,51,57
2020.12.22 17:40,30136.8,90,44,46
2020.12.22 17:55,30070.8,92,52,40
2020.12.22 18:15,30161.3,111,66,45
2020.12.22 18:50,30021.3,51,25,26
2020.12.22 19:20,30107.3,104,51,53
2020.12.22 19:30,30066.8,81,40,41
2020.12.22 19:50,30114.1,91,43,48
2020.12.22 19:55,30089.1,109,65,44
2020.12.22 20:15,30130.1,80,41,39
2020.12.22 20:20,30113.1,90,43,47
2020.12.22 21:10,30083.1,90,52,38
2020.12.22 22:00,30086.6,93,56,37
2020.12.22 22:20,30049.1,47,26,21
2020.12.22 22:40,29995.1,38,12,26
2020.12.22 22:45,30046.6,40,20,20
2020.12.22 23:05,29985.4,46,18,28
2020.12.22 23:25,30013.0,37,20,17
2020.12.22 23:35,30032.4,46,20,26
2020.12.22 23:40,30019.4,37,20,17
2020.12.22 23:45,30032.4,45,20,25
2020.12.23 00:00,30006.4,33,17,16
2020.12.23 00:10,30010.4,31,17,14
2020.12.23 00:20,30003.9,28,12,16
2020.12.23 00:40,30005.3,27,13,14
2020.12.23 00:50,30011.1,32,18,14
2020.12.23 02:00,30089.4,103,62,41
2020.12.23 02:10,30049.9,50,29,21
2020.12.23 02:15,30077.9,81,43,38
2020.12.23 03:10,29854.4,5,3,2
2020.12.23 03:15,29918.4,24,14,10
2020.12.23 03:50,29936.9,31,21,10
2020.12.23 04:05,29860.4,9,5,4
2020.12.23 04:10,29914.9,21,13,8
2020.12.23 04:25,29866.4,8,5,3
2020.12.23 04:35,29905.4,16,8,8
2020.12.23 04:45,29869.4,8,5,3
2020.12.23 04:55,29899.9,18,8,10
2020.12.23 05:00,29880.4,12,9,3
2020.12.23 05:25,29957.9,38,21,17
2020.12.23 06:15,30016.4,30,17,13
2020.12.23 06:25,29987.4,38,14,24
2020.12.23 06:30,30002.4,23,10,13
2020.12.23 06:50,29986.9,35,15,20
2020.12.23 07:20,29968.4,40,21,19
2020.12.23 07:25,29986.4,35,16,19
2020.12.23 07:45,29937.4,31,20,11
2020.12.23 08:05,29986.4,34,16,18
2020.12.23 08:10,29963.4,33,19,14
2020.12.23 08:30,29962.4,32,17,15
2020.12.23 08:55,29982.4,31,14,17
2020.12.23 09:00,30005.5,23,12,11
2020.12.23 09:05,29981.5,30,14,16
2020.12.23 09:25,30037.5,39,19,20
2020.12.23 09:40,30012.5,27,15,12
2020.12.23 10:40,30060.0,54,26,28
2020.12.23 10:55,30094.0,105,54,51
2020.12.23 11:00,30074.5,69,39,30
2020.12.23 11:25,30068.0,71,40,31
2020.12.23 11:40,30078.5,69,40,29
2020.12.23 12:35,30091.0,92,50,42
2020.12.23 12:55,30115.0,81,37,44
2020.12.23 13:05,30092.5,93,50,43
2020.12.23 13:10,30105.5,86,42,44
2020.12.23 13:55,30098.0,91,45,46
2020.12.23 14:05,30060.5,55,26,29
2020.12.23 14:35,30072.5,62,33,29
2020.12.23 14:40,30056.5,50,29,21
2020.12.23 15:05,30082.5,70,42,28
2020.12.23 15:15,30065.5,55,27,28
2020.12.23 15:30,30055.0,48,27,21
2020.12.23 16:00,30077.0,61,36,25
2020.12.23 16:40,30216.1,173,84,89
2020.12.23 16:45,30162.6,116,72,44
2020.12.23 17:00,30248.1,155,84,71
2020.12.23 18:25,30246.5,152,82,70
2020.12.23 19:00,30246.5,152,82,70
2020.12.23 19:05,30229.5,155,79,76
2020.12.23 19:25,30218.5,162,87,75
2020.12.23 19:40,30266.0,167,74,93
2020.12.23 20:40,30289.5,135,77,58
2020.12.23 20:45,30274.5,153,70,83
2020.12.23 20:50,30287.0,122,63,59
2020.12.23 21:25,30241.0,146,76,70
2020.12.23 21:40,30275.0,148,69,79
2020.12.23 22:05,30227.0,148,79,69
2020.12.23 22:10,30247.0,146,81,65
2020.12.23 22:30,30209.7,167,74,93
2020.12.23 22:45,30247.7,147,80,67
2020.12.24 01:05,30167.5,124,73,51
2020.12.24 01:20,30193.0,171,87,84
2020.12.24 01:40,30155.5,97,56,41
2020.12.24 02:50,30166.5,118,67,51
2020.12.24 03:20,30201.5,202,95,107
2020.12.24 04:00,30188.5,156,81,75
2020.12.24 04:05,30206.0,189,78,111
2020.12.24 04:15,30192.0,160,82,78
2020.12.24 04:35,30233.0,136,66,70
2020.12.24 04:55,30200.0,194,97,97
2020.12.24 05:00,30214.5,152,71,81
2020.12.24 05:35,30185.0,156,71,85
2020.12.24 06:00,30211.0,159,72,87
2020.12.24 07:05,30173.0,141,81,60
2020.12.24 08:00,30205.0,183,73,110
2020.12.24 08:30,30193.0,147,71,76
2020.12.24 08:50,30198.5,163,84,79
2020.12.24 09:00,30217.1,154,81,73
2020.12.24 09:05,30195.1,157,81,76
2020.12.24 09:10,30207.1,161,69,92
2020.12.24 09:25,30191.1,139,73,66
2020.12.24 09:30,30203.1,169,73,96
2020.12.24 09:35,30188.1,145,72,73
2020.12.24 09:55,30219.6,148,78,70
2020.12.24 10:00,30198.1,157,81,76
2020.12.24 10:15,30254.1,156,80,76
2020.12.24 10:50,30187.6,144,70,74
2020.12.24 11:15,30230.6,131,64,67
2020.12.24 11:45,30205.6,159,63,96
2020.12.24 11:50,30220.1,141,74,67
2020.12.24 12:15,30227.6,135,72,63
2020.12.24 12:35,30216.1,135,65,70
2020.12.24 14:10,30183.6,157,74,83
2020.12.24 14:20,30195.1,140,72,68
2020.12.24 14:35,30158.6,96,54,42
2020.12.24 15:15,30186.6,132,63,69
2020.12.24 16:25,30155.1,92,52,40
2020.12.24 16:30,30193.7,132,65,67
2020.12.24 16:50,30142.2,76,39,37
2020.12.24 17:10,30160.3,89,53,36
2020.12.24 17:45,30147.3,71,40,31
2020.12.24 18:10,30200.3,150,76,74
2020.12.24 19:10,30152.3,76,41,35
2020.12.24 19:20,30125.3,65,31,34
2020.12.24 19:35,30175.3,115,65,50
2020.12.24 19:40,30158.3,83,46,37
2020.12.28 01:00,30095.4,83,38,45
2020.12.28 02:00,30276.4,142,70,72
2020.12.28 02:15,30215.9,130,62,68
2020.12.28 02:45,30279.4,141,68,73
2020.12.28 03:20,30276.9,139,71,68
2020.12.28 03:40,30313.4,152,76,76
2020.12.28 03:45,30299.4,117,65,52
2020.12.28 03:50,30315.4,151,80,71
2020.12.28 03:55,30299.9,118,65,53
2020.12.28 04:05,30316.9,152,81,71
2020.12.28 04:10,30301.4,120,68,52
2020.12.28 04:50,30351.4,207,99,108
2020.12.28 04:55,30336.4,187,92,95
2020.12.28 05:05,30365.9,181,86,95
2020.12.28 05:10,30346.9,198,105,93
2020.12.28 05:25,30369.4,182,93,89
2020.12.28 05:40,30345.4,194,100,94
2020.12.28 05:45,30357.9,182,89,93
2020.12.28 05:50,30345.4,193,99,94
2020.12.28 05:55,30354.9,195,86,109
2020.12.28 06:10,30333.9,177,87,90
2020.12.28 06:15,30342.4,185,101,84
2020.12.28 07:35,30356.4,189,85,104
2020.12.28 07:45,30327.4,172,79,93
2020.12.28 08:00,30348.9,194,100,94
2020.12.28 08:50,30346.9,187,98,89
2020.12.28 09:05,30381.5,199,104,95
2020.12.28 09:10,30359.5,186,89,97
2020.12.28 09:25,30381.0,199,105,94
2020.12.28 09:30,30368.5,173,84,89
2020.12.28 11:25,30345.5,179,96,83
2020.12.28 11:55,30345.0,172,89,83
2020.12.28 12:05,30356.5,183,85,98
2020.12.28 12:25,30334.5,154,73,81
2020.12.28 12:40,30339.5,154,76,78
2020.12.28 13:35,30390.0,179,92,87
2020.12.28 13:50,30376.0,183,87,96
2020.12.28 13:55,30385.5,182,84,98
2020.12.28 14:20,30371.5,181,89,92
2020.12.28 14:50,30385.5,181,84,97
2020.12.28 15:05,30364.5,163,77,86
2020.12.28 16:10,30382.5,190,99,91
2020.12.28 16:20,30366.0,158,74,84
2020.12.28 16:55,30418.6,179,79,100
2020.12.28 17:00,30395.6,178,87,91
2020.12.28 17:30,30520.3,62,35,27
2020.12.28 18:35,30426.3,176,85,91
2020.12.28 18:55,30405.8,172,80,92
2020.12.28 19:00,30423.3,170,85,85
2020.12.28 19:10,30399.3,173,83,90
2020.12.28 19:15,30417.3,177,79,98
2020.12.28 19:20,30387.8,172,78,94
2020.12.28 19:45,30413.9,165,80,85
2020.12.28 20:40,30407.9,163,75,88
2020.12.28 21:45,30446.9,172,94,78
2020.12.28 22:10,30425.9,177,86,91
2020.12.28 22:15,30436.9,160,82,78
2020.12.28 22:45,30431.0,163,88,75
2020.12.28 23:10,30422.8,166,84,82
2020.12.28 23:15,30435.7,161,87,74
2020.12.28 23:20,30426.0,171,85,86
2020.12.29 00:35,30425.3,167,82,85
2020.12.29 00:55,30408.2,157,69,88
2020.12.29 01:25,30451.3,176,82,94
2020.12.29 01:40,30457.3,145,63,82
2020.12.29 01:45,30448.3,164,84,80
2020.12.29 02:30,30505.8,79,34,45
2020.12.29 03:45,30522.3,66,45,21
2020.12.29 05:00,30536.8,77,42,35
2020.12.29 05:05,30552.8,93,52,41
2020.12.29 05:20,30518.8,52,31,21
2020.12.29 05:55,30536.8,75,42,33
2020.12.29 06:00,30530.3,69,39,30
2020.12.29 06:40,30562.3,100,55,45
2020.12.29 06:45,30550.8,84,46,38
2020.12.29 07:55,30593.3,74,38,36
2020.12.29 08:10,30576.8,84,43,41
2020.12.29 08:40,30574.8,85,47,38
2020.12.29 09:05,30560.4,88,45,43
2020.12.29 09:25,30555.9,81,38,43
2020.12.29 09:35,30576.9,78,40,38
2020.12.29 09:40,30562.4,93,50,43
2020.12.29 10:05,30565.9,92,44,48
2020.12.29 10:50,30587.9,81,41,40
2020.12.29 11:00,30558.4,76,38,38
2020.12.29 11:10,30583.4,76,43,33
2020.12.29 11:25,30557.4,75,37,38
2020.12.29 12:05,30559.9,77,36,41
2020.12.29 12:10,30570.9,66,36,30
2020.12.29 12:20,30559.4,77,37,40
2020.12.29 12:25,30567.9,74,36,38
2020.12.29 12:30,30559.4,76,36,40
2020.12.29 12:55,30566.4,73,36,37
2020.12.29 13:10,30545.4,78,43,35
2020.12.29 13:40,30516.4,51,27,24
2020.12.29 14:00,30550.4,79,46,33
2020.12.29 14:15,30550.4,78,46,32
2020.12.29 14:20,30542.4,66,36,30
2020.12.29 14:25,30549.9,79,44,35
2020.12.29 16:10,30568.9,70,36,34
2020.12.29 16:40,30512.0,51,23,28
2020.12.29 16:45,30546.0,63,36,27
2020.12.29 17:15,30405.2,152,70,82
2020.12.29 17:25,30466.2,118,50,68
2020.12.29 17:30,30410.2,147,64,83
2020.12.29 17:45,30442.2,148,74,74
2020.12.29 18:15,30349.7,174,83,91
2020.12.29 19:00,30412.2,143,65,78
2020.12.29 19:50,30270.2,139,63,76
2020.12.29 20:05,30278.2,138,68,70
2020.12.29 20:45,30306.7,124,67,57
2020.12.29 21:15,30276.2,135,67,68
2020.12.29 21:40,30315.2,128,71,57
2020.12.29 21:45,30295.2,116,58,58
2020.12.29 22:00,30338.7,149,75,74
2020.12.29 22:05,30314.2,129,72,57
2020.12.29 22:55,30324.9,149,67,82
2020.12.29 23:10,30372.7,150,72,78
2020.12.29 23:20,30356.5,165,75,90
2020.12.29 23:55,30367.7,139,63,76
2020.12.30 00:35,30354.7,157,70,87
2020.12.30 01:00,30387.7,157,72,85
2020.12.30 02:15,30314.7,127,72,55
2020.12.30 02:30,30351.2,159,78,81
2020.12.30 02:35,30329.7,135,65,70
2020.12.30 03:00,30330.7,138,70,68
2020.12.30 03:15,30377.7,151,77,74
2020.12.30 03:20,30361.7,140,67,73
2020.12.30 03:40,30397.7,154,74,80
2020.12.30 03:55,30368.7,131,65,66
2020.12.30 04:00,30385.2,161,76,85
2020.12.30 04:30,30389.7,159,80,79
2020.12.30 04:35,30373.7,140,65,75
2020.12.30 04:55,30401.2,142,65,77
2020.12.30 05:05,30390.2,156,82,74
2020.12.30 05:20,30403.2,133,65,68
2020.12.30 05:25,30392.7,144,69,75
2020.12.30 05:30,30401.7,137,65,72
2020.12.30 07:25,30431.7,140,74,66
2020.12.30 07:35,30451.2,160,76,84
2020.12.30 07:40,30429.7,149,78,71
2020.12.30 07:45,30445.2,154,85,69
2020.12.30 08:00,30394.7,139,64,75
2020.12.30 08:45,30421.7,138,74,64
2020.12.30 09:00,30395.3,142,68,74
2020.12.30 10:35,30478.8,86,40,46
2020.12.30 11:10,30417.8,122,58,64
2020.12.30 11:20,30438.8,135,73,62
2020.12.30 11:35,30420.8,122,63,59
2020.12.30 12:25,30451.8,161,76,85
2020.12.30 12:30,30440.3,130,70,60
2020.12.30 12:40,30458.8,132,63,69
2020.12.30 12:50,30446.3,140,79,61
2020.12.30 12:55,30458.3,134,63,71
2020.12.30 13:00,30451.3,156,72,84
2020.12.30 13:10,30469.8,101,44,57
2020.12.30 13:25,30419.8,118,59,59
2020.12.30 13:30,30441.8,133,68,65
2020.12.30 13:40,30424.3,133,70,63
2020.12.30 13:55,30444.3,132,71,61
2020.12.30 14:20,30421.3,119,60,59
2020.12.30 14:25,30432.8,110,58,52
2020.12.30 14:35,30401.3,133,61,72
2020.12.30 14:45,30431.3,114,60,54
2020.12.30 14:50,30419.8,115,57,58
2020.12.30 15:05,30406.3,137,62,75
2020.12.30 15:15,30434.8,112,58,54
2020.12.30 16:00,30371.8,137,66,71
2020.12.30 16:10,30402.3,126,57,69
2020.12.30 17:00,30498.4,87,40,47
2020.12.30 17:15,30439.9,122,71,51
2020.12.30 17:30,30503.9,70,30,40
2020.12.30 18:30,30479.9,79,41,38
2020.12.30 19:00,30480.4,79,42,37
2020.12.30 19:15,30505.4,60,27,33
2020.12.30 19:50,30457.9,122,54,68
2020.12.30 20:45,30471.4,83,31,52
2020.12.30 21:35,30394.8,136,64,72
2020.12.30 21:45,30431.3,106,58,48
2020.12.30 22:40,30458.4,118,54,64
2020.12.30 22:45,30427.4,112,58,54
2020.12.30 22:50,30475.4,76,36,40
2020.12.30 23:55,30430.2,102,56,46
2020.12.31 01:30,30442.7,118,60,58
2020.12.31 01:50,30461.2,114,53,61
2020.12.31 02:45,30468.2,83,37,46
2020.12.31 03:15,30460.2,109,49,60
2020.12.31 04:00,30465.7,91,41,50
2020.12.31 04:15,30446.7,116,65,51
2020.12.31 04:30,30466.7,84,40,44
2020.12.31 05:45,30424.7,100,51,49
2020.12.31 05:50,30436.2,93,50,43
2020.12.31 06:10,30403.7,113,52,61
2020.12.31 06:15,30422.7,92,47,45
2020.12.31 06:40,30411.7,96,37,59
2020.12.31 07:50,30437.7,98,58,40
2020.12.31 07:55,30430.7,90,50,40
2020.12.31 09:05,30431.3,81,45,36
2020.12.31 09:20,30423.8,85,44,41
2020.12.31 10:45,30374.3,130,60,70
2020.12.31 10:50,30391.3,131,64,67
2020.12.31 11:10,30365.3,129,61,68
2020.12.31 11:15,30375.3,129,62,67
2020.12.31 12:25,30385.8,140,67,73
2020.12.31 12:30,30374.8,126,58,68
2020.12.31 13:05,30398.3,122,54,68
2020.12.31 13:45,30433.8,79,43,36
2020.12.31 14:15,30418.8,75,36,39
2020.12.31 14:20,30429.3,79,45,34
2020.12.31 14:55,30387.3,131,63,68
2020.12.31 15:00,30402.8,104,46,58
2020.12.31 15:55,30409.3,98,37,61
2020.12.31 16:00,30396.3,113,53,60
2020.12.31 16:25,30413.8,81,31,50
2020.12.31 16:45,30383.9,132,66,66
2020.12.31 16:50,30361.9,127,59,68
2020.12.31 17:20,30427.6,75,43,32
2020.12.31 17:40,30388.1,121,54,67
2020.12.31 17:45,30407.1,91,39,52
2020.12.31 18:05,30391.1,112,55,57
2020.12.31 18:10,30352.1,149,70,79
2020.12.31 18:50,30394.1,105,45,60
2020.12.31 19:20,30379.6,110,61,49
2020.12.31 20:00,30402.2,88,36,52
2020.12.31 20:15,30423.2,72,40,32
2020.12.31 20:50,30377.2,100,49,51
2020.12.31 22:35,30574.7,66,41,25
2020.12.31 22:40,30522.7,50,33,17
2020.12.31 23:15,30597.9,79,46,33
2020.12.31 23:20,30601.8,84,47,37
2020.12.31 23:40,30579.6,65,39,26
2021.01.04 01:30,30627.1,87,34,53
2021.01.04 01:35,30612.1,85,42,43
2021.01.04 01:50,30592.1,67,35,32
2021.01.04 01:55,30614.6,80,42,38
2021.01.04 02:15,30563.1,65,32,33
2021.01.04 02:25,30593.1,59,32,27
2021.01.04 02:45,30536.6,48,27,21
2021.01.04 02:50,30560.6,60,30,30
2021.01.04 02:55,30524.6,49,30,19
2021.01.04 03:10,30579.6,56,35,21
2021.01.04 03:15,30551.6,58,32,26
2021.01.04 03:25,30581.6,57,37,20
2021.01.04 03:50,30620.1,78,38,40
2021.01.04 03:55,30601.6,75,42,33
2021.01.04 04:15,30635.1,66,37,29
2021.01.04 04:20,30620.1,75,36,39
2021.01.04 04:30,30634.1,66,36,30
2021.01.04 04:50,30603.6,70,41,29
2021.01.04 05:25,30631.1,65,33,32
2021.01.04 05:30,30619.1,73,37,36
2021.01.04 06:15,30633.1,64,35,29
2021.01.04 06:50,30592.1,61,33,28
2021.01.04 07:40,30591.6,58,33,25
2021.01.04 07:45,30580.1,51,33,18
2021.01.04 08:10,30634.6,65,37,28
2021.01.04 08:15,30619.1,66,33,33
2021.01.04 08:20,30629.6,60,31,29
2021.01.04 08:30,30605.1,62,35,27
2021.01.04 09:30,30718.2,105,52,53
2021.01.04 09:35,30694.2,79,33,46
2021.01.04 09:50,30696.2,79,36,43
2021.01.04 10:00,30742.2,153,85,68
2021.01.04 10:40,30708.2,81,47,34
2021.01.04 10:45,30679.7,79,40,39
2021.01.04 12:10,30800.7,146,73,73
2021.01.04 12:25,30759.7,163,84,79
2021.01.04 12:55,30762.2,171,80,91
2021.01.04 14:30,30766.7,173,92,81
2021.01.04 14:45,30730.7,98,53,45
2021.01.04 14:55,30762.2,166,79,87
2021.01.04 15:25,30707.7,75,42,33
2021.01.04 15:55,30696.2,72,32,40
2021.01.04 16:05,30729.7,88,47,41
2021.01.04 18:10,30006.0,22,11,11
2021.01.04 18:15,30143.5,66,38,28
2021.01.04 18:55,29946.5,36,23,13
2021.01.04 19:00,30018.0,25,14,11
2021.01.04 19:15,29870.0,7,5,2
2021.01.04 19:25,29996.5,19,9,10
2021.01.04 20:25,30146.3,64,38,26
2021.01.04 21:10,30059.5,39,18,21
2021.01.04 21:35,30049.5,36,19,17
2021.01.04 21:50,30039.0,29,14,15
2021.01.04 22:10,30142.5,58,35,23
2021.01.04 22:15,30088.0,49,32,17
2021.01.04 22:50,30259.8,154,69,85
2021.01.04 22:55,30191.3,115,57,58
2021.01.04 23:00,30268.1,140,61,79
2021.01.04 23:10,30178.6,117,62,55
2021.01.05 00:10,30216.4,124,62,62
2021.01.05 00:35,30211.2,126,56,70
2021.01.05 00:50,30225.4,118,65,53
2021.01.05 01:20,30215.6,121,59,62
2021.01.05 01:25,30167.1,83,44,39
2021.01.05 02:10,30253.6,143,76,67
2021.01.05 02:20,30210.1,121,54,67
2021.01.05 02:50,30262.1,142,65,77
2021.01.05 03:35,30250.1,124,68,56
2021.01.05 03:55,30238.6,113,66,47
2021.01.05 05:00,30261.1,132,60,72
2021.01.05 05:30,30287.1,103,50,53
2021.01.05 07:30,30162.1,72,39,33
2021.01.05 08:20,30244.1,117,66,51
2021.01.05 08:25,30217.1,108,54,54
2021.01.05 08:30,30243.1,115,63,52
2021.01.05 08:35,30218.1,109,57,52
2021.01.05 09:55,30084.7,43,26,17
2021.01.05 10:30,30314.2,125,71,54
2021.01.05 10:50,30201.2,112,55,57
2021.01.05 10:55,30260.7,114,52,62
2021.01.05 11:00,30224.2,95,49,46
2021.01.05 11:15,30289.7,108,60,48
2021.01.05 11:25,30237.7,99,59,40
2021.01.05 12:05,30289.2,100,54,46
2021.01.05 12:30,30251.2,104,56,48
2021.01.05 12:40,30284.2,99,49,50
2021.01.05 13:25,30301.2,99,57,42
2021.01.05 13:55,30208.7,109,47,62
2021.01.05 14:00,30246.7,99,56,43
2021.01.05 14:30,30122.2,39,20,19
2021.01.05 14:35,30164.7,69,40,29
2021.01.05 14:40,30125.7,38,19,19
2021.01.05 15:00,30225.2,94,49,45
2021.01.05 15:30,30138.2,43,22,21
2021.01.05 15:40,30188.2,83,39,44
2021.01.05 16:00,30096.7,58,27,31
2021.01.05 16:15,30187.2,82,39,43
2021.01.05 16:20,30168.7,64,34,30
2021.01.05 16:40,30393.3,94,41,53
2021.01.05 16:55,30295.8,102,57,45
2021.01.05 17:00,30379.3,101,55,46
2021.01.05 17:50,30281.0,94,42,52
2021.01.05 18:15,30139.0,40,23,17
2021.01.05 18:40,30298.5,91,51,40
2021.01.05 18:45,30270.5,91,42,49
2021.01.05 18:50,30298.5,90,51,39
2021.01.05 18:55,30267.5,97,43,54
2021.01.05 19:40,30362.5,116,54,62
2021.01.05 19:45,30331.5,122,62,60
2021.01.05 20:00,30376.0,102,49,53
2021.01.05 20:10,30346.0,136,71,65
2021.01.05 20:15,30366.0,105,49,56
2021.01.05 20:20,30349.0,137,67,70
2021.01.05 20:30,30375.0,104,50,54
2021.01.05 21:20,30459.0,96,43,53
2021.01.05 22:05,30477.5,62,31,31
2021.01.05 22:30,30381.5,111,63,48
2021.01.06 00:45,30381.3,99,53,46
2021.01.06 00:50,30385.1,96,49,47
2021.01.06 01:50,30389.8,93,46,47
2021.01.06 01:55,30359.3,112,49,63
2021.01.06 02:10,30368.8,91,42,49
2021.01.06 03:25,30323.3,129,63,66
2021.01.06 03:30,30393.3,71,30,41
2021.01.06 03:45,30283.3,87,42,45
2021.01.06 03:55,30417.3,53,24,29
2021.01.06 05:30,30301.3,86,46,40
2021.01.06 05:35,30348.8,114,56,58
2021.01.06 05:40,30302.3,86,47,39
2021.01.06 05:45,30348.3,118,56,62
2021.01.06 06:25,30388.8,79,43,36
2021.01.06 06:40,30299.3,80,42,38
2021.01.06 08:20,30410.3,53,23,30
2021.01.06 09:05,30513.9,37,18,19
2021.01.06 09:10,30468.9,65,27,38
2021.01.06 09:15,30529.9,51,27,24
2021.01.06 09:25,30474.4,56,24,32
2021.01.06 09:40,30549.9,53,29,24
2021.01.06 10:35,30422.4,52,30,22
2021.01.06 11:00,30274.9,92,44,48
2021.01.06 11:50,30479.4,54,26,28
2021.01.06 11:55,30416.4,44,18,26
2021.01.06 12:25,30428.9,54,31,23
2021.01.06 12:45,30528.4,48,30,18
2021.01.06 13:20,30405.4,45,19,26
2021.01.06 13:25,30468.9,50,22,28
2021.01.06 13:35,30427.9,49,27,22
2021.01.06 13:40,30471.4,48,19,29
2021.01.06 14:00,30469.4,48,20,28
2021.01.06 14:20,30523.9,41,28,13
2021.01.06 14:55,30412.9,42,16,26
2021.01.06 15:05,30455.9,69,26,43
2021.01.06 15:15,30385.9,55,31,24
2021.01.06 15:30,30456.9,67,28,39
2021.01.06 15:50,30456.9,66,28,38
2021.01.06 16:05,30374.4,52,25,27
2021.01.06 16:10,30410.9,36,17,19
2021.01.06 17:15,30757.0,158,89,69
2021.01.06 18:15,30937.5,258,139,119
2021.01.06 20:10,30976.0,270,143,127
2021.01.06 20:15,31029.0,229,115,114
2021.01.06 20:35,30950.0,256,123,133
2021.01.06 20:45,31004.0,201,103,98
2021.01.06 20:55,30969.0,274,135,139
2021.01.06 21:25,30821.5,121,60,61
2021.01.06 21:30,30926.5,222,114,108
2021.01.06 21:50,30730.5,90,49,41
2021.01.06 21:55,30855.5,148,78,70
2021.01.06 22:25,30746.5,141,64,77
2021.01.06 22:30,30880.5,207,120,87
2021.01.06 22:35,30778.8,170,80,90
2021.01.06 23:00,30766.6,166,87,79
2021.01.07 00:15,30843.9,117,65,52
2021.01.07 01:10,30879.6,201,111,90
2021.01.07 01:15,30897.6,190,90,100
2021.01.07 01:40,30854.1,132,78,54
2021.01.07 02:15,30802.6,126,64,62
2021.01.07 02:35,30846.6,120,66,54
2021.01.07 02:40,30829.6,107,64,43
2021.01.07 02:55,30899.1,197,98,99
2021.01.07 04:05,30935.6,257,135,122
2021.01.07 04:10,30959.6,250,131,119
2021.01.07 04:15,30934.6,249,131,118
2021.01.07 04:40,30974.6,272,142,130
2021.01.07 04:45,30962.1,246,134,112
2021.01.07 05:20,30969.6,263,126,137
2021.01.07 05:55,30972.1,267,146,121
2021.01.07 06:00,30983.1,235,121,114
2021.01.07 06:45,30958.1,241,125,116
2021.01.07 06:50,30967.6,253,127,126
2021.01.07 07:15,30922.6,221,111,110
2021.01.07 07:20,30958.6,237,121,116
2021.01.07 07:45,30973.1,261,144,117
2021.01.07 07:50,30953.1,227,109,118
2021.01.07 08:05,31001.1,207,109,98
2021.01.07 08:30,30971.1,258,132,126
2021.01.07 08:35,30999.1,211,107,104
2021.01.07 08:50,31012.6,223,110,113
2021.01.07 08:55,30993.6,199,106,93
2021.01.07 09:10,31019.2,240,131,109
2021.01.07 09:30,31016.2,232,128,104
2021.01.07 09:35,31045.7,234,116,118
2021.01.07 09:45,31012.2,218,110,108
2021.01.07 10:25,31021.2,236,124,112
2021.01.07 11:00,30945.2,249,130,119
2021.01.07 11:05,30995.2,198,103,95
2021.01.07 12:05,30948.2,237,104,133
2021.01.07 12:10,30924.2,208,103,105
2021.01.07 12:35,30927.7,215,113,102
2021.01.07 13:00,30856.2,133,76,57
2021.01.07 13:35,30928.2,217,116,101
2021.01.07 13:45,30896.2,189,93,96
2021.01.07 13:50,30926.7,208,110,98
2021.01.07 14:00,30865.2,153,86,67
2021.01.07 14:45,30976.7,228,113,115
2021.01.07 15:20,30960.2,228,123,105
2021.01.07 15:50,30899.7,181,86,95
2021.01.07 16:50,30900.3,178,83,95
2021.01.07 17:45,31177.9,155,71,84
2021.01.07 18:00,31193.4,101,46,55
2021.01.07 18:15,31105.9,159,64,95
2021.01.07 18:20,31147.4,190,105,85
2021.01.07 18:35,31099.4,202,90,112
2021.01.07 19:00,31100.9,184,86,98
2021.01.07 19:35,31015.9,222,120,102
2021.01.07 20:00,31105.2,153,63,90
2021.01.07 20:10,31045.2,217,107,110
2021.01.07 20:15,31069.7,244,119,125
2021.01.07 20:25,31018.2,229,123,106
2021.01.07 20:35,31062.2,218,107,111
2021.01.07 20:50,31019.7,233,127,106
2021.01.07 21:05,31071.7,251,127,124
2021.01.07 22:05,31113.2,114,51,63
2021.01.07 22:30,31063.1,206,100,106
2021.01.07 22:45,31104.6,150,62,88
2021.01.07 23:30,31051.9,205,105,100
2021.01.07 23:55,31021.9,228,118,110
2021.01.08 00:10,31033.8,211,117,94
2021.01.08 00:30,31048.8,211,106,105
2021.01.08 00:35,31042.9,201,96,105
2021.01.08 01:15,31021.4,228,117,111
2021.01.08 01:20,31043.4,199,95,104
2021.01.08 01:30,31008.4,194,101,93
2021.01.08 01:50,31077.9,227,102,125
2021.01.08 02:15,31048.9,205,103,102
2021.01.08 02:30,31096.9,179,86,93
2021.01.08 02:35,31063.4,197,92,105
2021.01.08 04:20,31146.4,193,101,92
2021.01.08 04:25,31167.4,167,82,85
2021.01.08 04:50,31165.4,166,87,79
2021.01.08 04:55,31149.4,181,91,90
2021.01.08 05:00,31167.4,166,82,84
2021.01.08 05:05,31141.4,182,104,78
2021.01.08 05:20,31183.9,127,51,76
2021.01.08 06:00,31184.4,126,52,74
2021.01.08 07:45,31192.4,100,47,53
2021.01.08 08:15,31253.9,79,41,38
2021.01.08 08:40,31201.9,87,46,41
2021.01.08 09:25,31198.5,90,44,46
2021.01.08 09:30,31220.0,81,34,47
2021.01.08 09:40,31192.5,100,47,53
2021.01.08 09:50,31221.0,75,33,42
2021.01.08 10:30,31133.5,166,84,82
2021.01.08 11:05,31112.5,112,52,60
2021.01.08 11:15,31148.0,173,88,85
2021.01.08 12:30,31134.0,161,79,82
2021.01.08 12:35,31159.5,137,67,70
2021.01.08 12:45,31116.5,108,57,51
2021.01.08 13:00,31110.0,116,52,64
2021.01.08 13:25,31164.0,145,73,72
2021.01.08 14:00,31111.5,106,48,58
2021.01.08 14:15,31150.5,148,78,70
2021.01.08 15:15,31148.5,156,79,77
2021.01.08 15:30,31082.5,206,98,108
2021.01.08 15:55,31089.5,189,94,95
2021.01.08 18:00,31064.7,199,95,104
2021.01.08 18:30,30945.2,220,114,106
2021.01.08 18:35,30979.2,210,110,100
2021.01.08 18:40,30946.2,219,105,114
2021.01.08 18:45,30994.7,187,98,89
2021.01.08 18:50,30964.2,217,118,99
2021.01.08 19:15,31031.2,195,97,98
2021.01.08 19:20,31002.2,185,98,87
2021.01.08 20:20,30826.7,101,59,42
2021.01.08 20:25,30895.2,183,88,95
2021.01.08 20:40,30796.2,130,71,59
2021.01.08 22:20,31015.8,208,110,98
2021.01.08 23:50,31147.6,149,86,63
2021.01.11 01:00,31048.1,183,85,98
2021.01.11 01:05,31123.1,108,61,47
2021.01.11 01:55,31011.1,195,101,94
2021.01.11 02:40,31002.6,179,94,85
2021.01.11 02:55,31042.6,179,85,94
2021.01.11 03:05,31007.1,178,96,82
2021.01.11 03:10,31032.1,182,94,88
2021.01.11 03:15,31004.6,176,92,84
2021.01.11 03:25,31036.1,186,98,88
2021.01.11 03:50,30989.6,185,89,96
2021.01.11 04:15,30901.6,176,85,91
2021.01.11 04:30,30944.6,212,113,99
2021.01.11 04:40,30913.6,196,106,90
2021.01.11 05:00,30958.6,192,98,94
2021.01.11 06:05,30948.1,201,91,110
2021.01.11 06:50,30876.6,171,89,82
2021.01.11 07:45,30894.6,177,83,94
2021.01.11 08:10,30869.1,157,85,72
2021.01.11 08:35,30915.1,172,88,84
2021.01.11 09:20,30908.2,170,92,78
2021.01.11 09:25,30926.7,164,87,77
2021.01.11 09:40,30886.2,178,86,92
2021.01.11 09:50,30929.7,183,99,84
2021.01.11 10:40,30919.7,157,78,79
2021.01.11 11:15,30909.7,159,85,74
2021.01.11 11:20,30940.2,178,92,86
2021.01.11 12:00,30879.7,171,94,77
2021.01.11 12:50,30903.2,145,80,65
2021.01.11 12:55,30924.7,146,78,68
2021.01.11 13:15,30877.7,170,93,77
2021.01.11 13:20,30910.7,139,79,60
2021.01.11 13:25,30890.2,167,80,87
2021.01.11 13:55,30892.2,157,72,85
2021.01.11 14:00,30913.2,144,84,60
2021.01.11 14:30,30896.7,137,62,75
2021.01.11 15:05,30850.7,108,55,53
2021.01.11 15:10,30892.2,154,72,82
2021.01.11 15:35,30801.7,126,61,65
2021.01.11 15:45,30839.2,102,54,48
2021.01.11 16:00,30778.2,165,76,89
2021.01.11 16:05,30824.7,101,49,52
2021.01.11 17:05,30973.3,206,117,89
2021.01.11 17:15,30929.3,163,92,71
2021.01.11 18:10,30926.2,150,80,70
2021.01.11 18:35,31006.2,167,88,79
2021.01.11 19:00,31041.7,184,92,92
2021.01.11 19:05,31012.2,182,87,95
2021.01.11 19:10,31044.2,169,83,86
2021.01.11 19:50,31093.2,153,75,78
2021.01.11 20:55,31022.2,171,92,79
2021.01.11 21:00,30981.7,184,101,83
2021.01.11 21:20,30950.2,183,90,93
2021.01.11 22:00,31075.7,205,105,100
2021.01.11 22:40,30959.8,180,92,88
2021.01.11 22:50,31041.3,175,88,87
2021.01.11 23:20,31032.5,162,92,70
2021.01.11 23:35,31008.6,153,81,72
2021.01.12 00:40,31013.4,162,78,84
2021.01.12 01:05,31001.1,156,81,75
2021.01.12 01:50,31015.6,150,72,78
2021.01.12 01:55,31040.1,167,86,81
2021.01.12 02:00,31009.6,149,80,69
2021.01.12 03:10,31094.1,147,77,70
2021.01.12 03:30,30978.1,181,95,86
2021.01.12 03:35,31030.6,135,70,65
2021.01.12 03:40,30998.6,160,77,83
2021.01.12 04:05,31030.6,132,67,65
2021.01.12 04:10,31049.6,152,81,71
2021.01.12 04:15,31023.6,136,71,65
2021.01.12 04:50,31036.1,149,80,69
2021.01.12 05:05,31062.6,168,80,88
2021.01.12 05:45,31006.1,140,70,70
2021.01.12 06:15,31020.6,137,70,67
2021.01.12 06:40,30972.1,191,104,87
2021.01.12 07:20,30994.6,148,76,72
2021.01.12 07:50,31054.6,153,84,69
2021.01.12 08:40,31037.6,151,82,69
2021.01.12 08:50,31057.1,153,73,80
2021.01.12 09:30,31106.7,122,48,74
2021.01.12 09:50,31038.7,146,75,71
2021.01.12 10:10,31091.2,158,78,80
2021.01.12 10:25,31033.2,134,75,59
2021.01.12 10:35,31067.2,181,82,99
2021.01.12 10:50,31016.7,131,64,67
2021.01.12 11:30,31099.7,161,76,85
2021.01.12 11:35,31069.2,184,82,102
2021.01.12 12:15,31069.7,185,86,99
2021.01.12 12:30,31092.7,152,76,76
2021.01.12 13:10,31047.7,123,58,65
2021.01.12 14:05,31088.2,153,72,81
2021.01.12 14:25,31092.2,154,75,79
2021.01.12 14:45,31090.7,153,77,76
2021.01.12 15:25,31048.2,127,62,65
2021.01.12 16:20,31040.7,129,64,65
2021.01.12 16:35,30918.8,134,60,74
2021.01.12 16:45,30985.8,171,87,84
2021.01.12 16:50,30930.3,169,89,80
2021.01.12 17:35,31024.8,112,58,54
2021.01.12 17:40,31061.8,141,68,73
2021.01.12 17:45,31020.3,128,61,67
2021.01.12 18:10,31099.3,162,77,85
2021.01.12 19:00,30994.6,139,71,68
2021.01.12 20:10,31022.2,116,65,51
2021.01.12 20:20,30976.2,167,91,76
2021.01.12 21:15,31087.2,146,70,76
2021.01.12 21:50,31010.7,119,63,56
2021.01.12 22:15,31056.7,120,63,57
2021.01.12 22:20,31091.7,144,70,74
2021.01.12 23:10,31081.0,144,59,85
2021.01.12 23:25,31051.8,107,59,48
2021.01.13 00:35,31069.6,134,62,72
2021.01.13 01:40,31066.5,128,54,74
2021.01.13 02:25,31113.0,89,43,46
2021.01.13 02:45,31105.5,121,52,69
2021.01.13 02:55,31079.0,126,56,70
2021.01.13 03:00,31094.0,125,70,55
2021.01.13 03:40,31087.0,121,58,63
2021.01.13 04:15,31124.5,108,58,50
2021.01.13 04:20,31110.0,90,44,46
2021.01.13 04:55,31121.0,91,53,38
2021.01.13 06:10,31150.0,149,77,72
2021.01.13 06:45,31154.5,123,61,62
2021.01.13 07:10,31143.5,145,83,62
2021.01.13 07:45,31100.0,143,67,76
2021.01.13 08:05,31132.5,121,61,60
2021.01.13 08:35,31108.0,92,42,50
2021.01.13 08:55,31133.5,120,61,59
2021.01.13 09:15,31133.1,121,62,59
2021.01.13 09:50,31134.6,126,65,61
2021.01.13 10:10,31126.1,84,46,38
2021.01.13 10:45,31085.6,115,58,57
2021.01.13 10:55,31113.6,70,34,36
2021.01.13 11:00,31089.1,121,60,61
2021.01.13 11:20,31130.1,104,62,42
2021.01.13 11:25,31118.6,67,41,26
2021.01.13 11:35,31129.1,102,60,42
2021.01.13 11:55,31118.6,65,41,24
2021.01.13 12:05,31101.6,124,63,61
2021.01.13 12:10,31115.6,58,30,28
2021.01.13 12:35,31026.6,103,51,52
2021.01.13 12:50,31076.6,122,59,63
2021.01.13 12:55,31060.6,117,57,60
2021.01.13 13:00,31077.6,121,54,67
2021.01.13 13:05,31052.1,103,57,46
2021.01.13 13:30,31023.6,107,55,52
2021.01.13 13:45,31078.1,118,51,67
2021.01.13 14:15,31011.1,121,62,59
2021.01.13 14:20,31038.6,112,53,59
2021.01.13 14:45,31035.6,107,60,47
2021.01.13 14:55,30975.6,171,92,79
2021.01.13 16:10,31084.1,109,56,53
2021.01.13 16:20,31049.1,93,46,47
2021.01.13 17:05,30986.7,151,75,76
2021.01.13 17:40,31044.2,84,40,44
2021.01.13 18:25,31074.7,110,56,54
2021.01.13 18:40,31073.2,104,51,53
2021.01.13 18:50,31048.7,80,36,44
2021.01.13 18:55,31070.2,97,51,46
2021.01.13 20:15,31138.8,121,68,53
2021.01.13 20:50,31105.3,95,36,59
2021.01.13 21:15,31148.8,147,78,69
2021.01.13 21:20,31127.8,84,51,33
2021.01.13 21:55,31081.8,101,42,59
2021.01.13 22:00,31112.3,48,25,23
2021.01.13 22:05,31073.3,103,49,54
2021.01.13 22:10,31104.3,95,36,59
2021.01.13 22:25,31053.9,75,38,37
2021.01.13 22:45,31106.9,77,28,49
2021.01.13 23:00,31054.7,73,38,35
2021.01.13 23:50,31087.7,95,49,46
2021.01.13 23:55,31069.7,85,40,45
2021.01.14 00:20,31104.5,89,36,53
2021.01.14 01:30,31097.7,113,57,56
2021.01.14 02:25,31143.7,133,78,55
2021.01.14 02:35,31117.7,44,26,18
2021.01.14 02:40,31141.2,120,73,47
2021.01.14 04:00,31155.7,115,55,60
2021.01.14 04:35,31134.7,95,51,44
2021.01.14 04:40,31149.2,130,72,58
2021.01.14 04:45,31135.7,95,52,43
2021.01.14 04:50,31147.2,129,77,52
2021.01.14 04:55,31137.7,94,49,45
2021.01.14 05:25,31160.7,132,67,65
2021.01.14 05:55,31185.7,119,48,71
2021.01.14 06:00,31196.7,85,40,45
2021.01.14 06:55,31193.2,85,40,45
2021.01.14 07:55,31148.7,127,69,58
2021.01.14 08:15,31179.2,133,57,76
2021.01.14 09:20,31128.8,68,39,29
2021.01.14 09:55,31171.8,144,74,70
2021.01.14 10:05,31135.8,91,49,42
2021.01.14 10:30,31148.3,111,59,52
2021.01.14 11:00,31158.8,102,57,45
2021.01.14 11:15,31160.3,105,55,50
2021.01.14 11:55,31189.8,92,45,47
2021.01.14 12:15,31185.3,106,44,62
2021.01.14 12:25,31152.3,102,54,48
2021.01.14 12:30,31177.8,124,62,62
2021.01.14 13:05,31164.3,104,58,46
2021.01.14 13:40,31125.3,56,26,30
2021.01.14 13:55,31154.3,91,44,47
2021.01.14 14:05,31140.8,90,53,37
2021.01.14 14:15,31157.3,90,47,43
2021.01.14 14:25,31137.3,82,43,39
2021.01.14 15:45,31158.3,91,50,41
2021.01.14 16:00,31180.8,111,53,58
2021.01.14 16:05,31165.3,106,58,48
2021.01.14 16:10,31180.8,110,53,57
2021.01.14 16:40,31225.4,64,33,31
2021.01.14 16:50,31176.4,127,63,64
2021.01.14 17:00,31219.4,83,35,48
2021.01.14 17:15,31216.9,96,47,49
2021.01.14 17:45,31163.4,93,49,44
2021.01.14 17:50,31186.4,96,39,57
2021.01.14 18:45,31198.4,72,37,35
2021.01.14 19:05,31204.4,75,44,31
2021.01.14 19:10,31177.4,103,48,55
2021.01.14 19:45,31134.0,77,39,38
2021.01.14 20:40,31179.5,87,39,48
2021.01.14 21:10,31130.5,68,40,28
2021.01.14 21:15,31158.0,74,42,32
2021.01.14 21:25,31114.5,43,23,20
2021.01.14 21:30,31139.0,74,39,35
2021.01.14 21:55,31082.5,80,37,43
2021.01.14 22:00,31116.0,38,19,19
2021.01.14 22:55,30989.5,136,58,78
2021.01.14 23:15,31007.6,105,51,54
2021.01.15 00:40,31028.9,76,36,40
2021.01.15 00:45,31021.6,89,47,42
2021.01.15 01:30,31057.8,65,31,34
2021.01.15 02:10,30987.3,141,68,73
2021.01.15 02:45,31006.3,92,46,46
2021.01.15 03:55,30919.3,127,58,69
2021.01.15 04:00,30950.3,170,82,88
2021.01.15 04:05,30924.8,135,70,65
2021.01.15 05:15,30935.3,181,88,93
2021.01.15 05:20,30953.8,151,71,80
2021.01.15 06:00,30853.8,115,66,49
2021.01.15 06:10,30894.3,139,63,76
2021.01.15 06:40,30905.8,127,68,59
2021.01.15 06:45,30887.3,154,72,82
2021.01.15 06:50,30905.3,126,67,59
2021.01.15 08:00,30806.3,119,59,60
2021.01.15 08:25,30857.8,119,64,55
2021.01.15 08:40,30851.8,96,57,39
2021.01.15 08:50,30810.3,120,58,62
2021.01.15 09:25,30887.4,148,71,77
2021.01.15 09:30,30873.4,149,82,67
2021.01.15 09:50,30896.4,127,57,70
2021.01.15 09:55,30877.4,140,71,69
2021.01.15 10:45,30869.9,142,72,70
2021.01.15 11:05,30924.4,128,69,59
2021.01.15 11:10,30890.9,127,61,66
2021.01.15 12:20,30886.4,139,67,72
2021.01.15 14:00,30902.4,107,53,54
2021.01.15 14:10,30838.9,87,45,42
2021.01.15 14:20,30884.9,124,69,55
2021.01.15 14:25,30868.4,127,70,57
2021.01.15 14:35,30894.9,117,54,63
2021.01.15 15:20,30888.9,126,59,67
2021.01.15 16:15,30794.9,124,67,57
2021.01.15 16:20,30849.4,82,49,33
2021.01.15 16:35,30768.0,171,87,84
2021.01.15 16:50,30894.0,119,58,61
2021.01.15 17:50,30789.8,146,75,71
2021.01.15 18:05,30711.8,76,40,36
2021.01.15 18:40,30889.8,126,63,63
2021.01.15 19:05,30871.3,118,63,55
2021.01.15 19:10,30825.3,73,32,41
2021.01.15 20:55,30880.6,98,55,43
2021.01.15 21:00,30921.6,108,55,53
2021.01.15 21:10,30870.1,109,56,53
2021.01.15 21:15,30906.6,104,57,47
2021.01.15 21:45,30931.1,142,75,67
2021.01.15 22:05,30861.6,92,47,45
2021.01.15 22:15,30944.6,168,92,76
2021.01.15 23:35,30780.1,151,78,73
2021.01.18 02:10,30766.1,145,77,68
2021.01.18 02:15,30740.1,118,69,49
2021.01.18 02:35,30811.1,100,48,52
2021.01.18 02:40,30780.1,144,74,70
2021.01.18 02:45,30814.1,96,38,58
2021.01.18 02:50,30792.1,123,61,62
2021.01.18 03:00,30821.1,63,28,35
2021.01.18 03:30,30786.6,147,74,73
2021.01.18 03:35,30758.6,133,65,68
2021.01.18 03:50,30809.1,99,45,54
2021.01.18 04:50,30797.1,93,46,47
2021.01.18 05:40,30799.1,91,42,49
2021.01.18 06:05,30792.1,108,54,54
2021.01.18 06:25,30760.1,127,61,66
2021.01.18 06:45,30779.6,121,62,59
2021.01.18 06:50,30770.1,137,65,72
2021.01.18 07:00,30784.6,126,68,58
2021.01.18 07:05,30762.1,129,58,71
2021.01.18 07:15,30794.1,103,52,51
2021.01.18 07:20,30776.1,128,58,70
2021.01.18 07:40,30803.6,86,40,46
2021.01.18 07:45,30790.1,115,59,56
2021.01.18 07:50,30803.6,85,40,45
2021.01.18 08:30,30795.1,91,48,43
2021.01.18 09:50,30769.2,134,65,69
2021.01.18 10:05,30793.7,103,50,53
2021.01.18 10:30,30747.7,111,46,65
2021.01.18 10:35,30770.7,123,55,68
2021.01.18 10:40,30754.7,106,57,49
2021.01.18 10:45,30771.2,116,54,62
2021.01.18 11:00,30741.7,127,67,60
2021.01.18 11:15,30767.7,126,63,63
2021.01.18 11:50,30731.2,83,44,39
2021.01.18 13:45,30800.2,86,37,49
2021.01.18 13:50,30817.2,76,28,48
2021.01.18 13:55,30804.2,84,40,44
2021.01.18 14:00,30827.2,61,33,28
2021.01.18 14:05,30806.7,88,40,48
2021.01.18 14:50,30778.7,105,52,53
2021.01.18 15:05,30793.7,99,49,50
2021.01.18 15:10,30780.2,100,52,48
2021.01.18 16:05,30798.2,83,40,43
2021.01.18 16:10,30811.2,77,38,39
2021.01.18 16:30,30774.3,111,50,61
2021.01.18 16:35,30793.8,97,49,48
2021.01.18 16:50,30793.8,96,49,47
2021.01.18 16:55,30779.8,100,52,48
2021.01.18 17:55,30816.8,73,30,43
2021.01.18 18:05,30803.8,71,33,38
2021.01.18 19:05,30830.8,60,29,31
2021.01.18 19:20,30846.8,67,40,27
2021.01.18 19:45,30816.8,69,27,42
2021.01.18 19:55,30848.3,65,40,25
2021.01.18 20:00,30829.7,57,32,25
2021.01.18 20:25,30835.6,50,28,22
2021.01.18 22:40,30844.4,57,34,23
2021.01.18 22:50,30895.6,89,40,49
2021.01.18 23:05,30880.4,88,50,38
2021.01.19 00:55,30825.8,52,24,28
2021.01.19 01:10,30875.4,97,48,49
2021.01.19 01:20,30858.4,85,47,38
2021.01.19 01:40,30859.4,87,44,43
2021.01.19 01:45,30872.9,100,57,43
2021.01.19 01:50,30864.9,88,49,39
2021.01.19 02:25,30902.4,86,43,43
2021.01.19 02:50,30947.4,173,76,97
2021.01.19 04:10,30938.9,144,74,70
2021.01.19 04:55,30935.9,145,73,72
2021.01.19 05:05,30926.9,107,63,44
2021.01.19 05:30,31022.4,76,43,33
2021.01.19 06:45,30975.4,150,83,67
2021.01.19 06:50,30962.9,158,86,72
2021.01.19 06:55,30980.4,140,74,66
2021.01.19 07:05,30955.9,147,75,72
2021.01.19 07:20,30985.9,144,72,72
2021.01.19 07:55,30949.9,162,81,81
2021.01.19 08:30,30973.9,151,80,71
2021.01.19 08:35,30957.9,145,79,66
2021.01.19 08:40,30971.4,150,76,74
2021.01.19 08:45,30951.4,146,75,71
2021.01.19 09:50,30999.0,108,48,60
2021.01.19 12:25,30959.0,135,67,68
2021.01.19 12:45,30995.5,103,50,53
2021.01.19 13:30,31019.5,81,42,39
2021.01.19 13:35,31008.5,89,44,45
2021.01.19 13:50,31007.5,93,45,48
2021.01.19 13:55,31021.0,77,41,36
2021.01.19 14:05,30990.0,108,50,58
2021.01.19 14:20,31014.0,80,36,44
2021.01.19 14:30,30985.5,121,58,63
2021.01.19 14:35,31015.5,76,35,41
2021.01.19 14:40,30998.5,98,42,56
2021.01.19 14:55,31035.0,69,38,31
2021.01.19 15:10,31007.5,84,41,43
2021.01.19 15:45,31034.0,70,38,32
2021.01.19 15:55,31014.0,72,31,41
2021.01.19 16:10,31016.0,70,31,39
2021.01.19 17:10,30867.1,88,46,42
2021.01.19 17:15,30921.6,90,49,41
2021.01.19 17:20,30864.1,88,48,40
2021.01.19 18:25,30917.1,85,41,44
2021.01.19 18:35,30868.1,85,43,42
2021.01.19 19:45,30972.1,136,73,63
2021.01.19 19:50,30944.1,127,72,55
2021.01.19 20:30,30953.1,124,60,64
2021.01.19 20:35,30978.1,125,69,56
2021.01.19 20:40,30957.6,123,65,58
2021.01.19 21:05,30944.6,133,75,58
2021.01.19 21:15,30972.1,126,70,56
2021.01.19 21:50,30950.1,131,65,66
2021.01.19 21:55,30929.1,89,50,39
2021.01.19 22:05,30952.1,115,58,57
2021.01.19 22:30,30956.1,114,55,59
2021.01.19 22:35,30935.1,105,53,52
2021.01.19 23:15,30903.5,72,38,34
2021.01.19 23:55,30945.4,119,64,55
2021.01.20 00:40,30925.0,76,42,34
2021.01.20 01:05,30988.9,101,46,55
2021.01.20 01:10,30971.9,121,67,54
2021.01.20 01:30,31013.9,68,30,38
2021.01.20 01:40,30987.4,104,49,55
2021.01.20 02:40,30979.4,111,59,52
2021.01.20 02:55,30961.4,107,56,51
2021.01.20 03:00,30975.4,112,63,49
2021.01.20 03:20,30931.4,85,46,39
2021.01.20 03:25,30903.9,71,36,35
2021.01.20 03:35,30941.9,101,54,47
2021.01.20 03:40,30915.4,72,35,37
2021.01.20 05:30,30907.9,71,33,38
2021.01.20 06:20,30876.4,81,34,47
2021.01.20 06:50,30896.9,70,28,42
2021.01.20 07:55,30926.4,56,35,21
2021.01.20 08:05,30900.4,64,26,38
2021.01.20 08:35,30936.9,89,48,41
2021.01.20 08:40,30923.9,55,30,25
2021.01.20 10:15,30907.0,58,29,29
2021.01.20 10:45,31013.5,67,31,36
2021.01.20 11:00,30969.0,108,53,55
2021.01.20 11:30,30989.0,92,42,50
2021.01.20 11:35,30965.0,109,59,50
2021.01.20 11:50,30969.5,106,48,58
2021.01.20 12:05,31001.0,84,39,45
2021.01.20 12:45,31010.5,67,35,32
2021.01.20 12:50,30998.5,78,34,44
2021.01.20 13:55,30965.0,108,58,50
2021.01.20 14:10,30978.0,99,57,42
2021.01.20 14:20,30955.5,92,47,45
2021.01.20 15:35,31011.5,61,28,33
2021.01.20 15:40,31038.5,70,33,37
2021.01.20 16:15,31052.0,63,31,32
2021.01.20 16:35,31072.1,77,43,34
2021.01.20 16:40,31007.1,65,32,33
2021.01.20 17:05,31130.1,62,37,25
2021.01.20 17:10,31087.1,86,43,43
2021.01.20 17:25,31082.1,78,33,45
2021.01.20 17:50,31173.1,97,48,49
2021.01.20 18:10,31084.6,74,38,36
2021.01.20 18:15,31126.1,44,24,20
2021.01.20 18:25,31076.6,82,41,41
2021.01.20 18:40,31126.1,43,24,19
2021.01.20 18:55,31097.6,88,42,46
2021.01.20 19:10,31118.1,31,20,11
2021.01.20 19:30,31154.6,62,30,32
2021.01.20 19:35,31129.6,51,30,21
2021.01.20 20:20,31163.4,75,42,33
2021.01.20 20:35,31201.4,71,39,32
2021.01.20 20:45,31154.4,59,28,31
2021.01.20 22:00,31161.4,65,37,28
2021.01.20 22:05,31183.4,76,37,39
2021.01.20 22:45,31237.2,68,39,29
2021.01.20 23:00,31148.3,62,33,29
2021.01.20 23:10,31202.8,68,37,31
2021.01.20 23:20,31185.7,73,29,44
2021.01.21 00:25,31180.1,69,34,35
2021.01.21 00:45,31173.0,68,35,33
2021.01.21 01:35,31228.8,62,32,30
2021.01.21 02:05,31238.3,64,34,30
2021.01.21 02:30,31207.3,68,37,31
2021.01.21 02:40,31186.3,62,23,39
2021.01.21 03:15,31211.8,82,51,31
2021.01.21 03:50,31196.8,51,25,26
2021.01.21 04:10,31221.8,58,29,29
2021.01.21 04:35,31202.8,55,31,24
2021.01.21 05:30,31233.8,56,27,29
2021.01.21 05:45,31263.8,57,29,28
2021.01.21 06:10,31262.8,59,35,24
2021.01.21 06:35,31262.8,58,35,23
2021.01.21 07:10,31255.8,60,32,28
2021.01.21 07:35,31240.8,54,27,27
2021.01.21 08:35,31228.8,56,29,27
2021.01.21 09:30,31234.4,51,24,27
2021.01.21 10:25,31235.4,48,24,24
2021.01.21 10:45,31221.9,51,27,24
2021.01.21 10:55,31198.4,51,24,27
2021.01.21 11:00,31219.4,54,24,30
2021.01.21 11:20,31211.4,62,40,22
2021.01.21 11:25,31189.9,50,23,27
2021.01.21 12:00,31202.9,43,21,22
2021.01.21 12:25,31219.9,48,22,26
2021.01.21 12:40,31196.4,48,23,25
2021.01.21 12:55,31231.4,52,31,21
2021.01.21 13:00,31219.4,49,22,27
2021.01.21 13:25,31247.9,50,27,23
2021.01.21 14:20,31250.4,48,26,22
2021.01.21 14:35,31261.9,49,30,19
2021.01.21 14:55,31239.9,44,16,28
2021.01.21 15:05,31254.9,43,23,20
2021.01.21 16:00,31193.4,50,25,25
2021.01.21 16:05,31176.9,68,33,35
2021.01.21 17:00,31188.5,49,20,29
2021.01.21 17:05,31156.0,42,20,22
2021.01.21 17:30,31268.0,59,31,28
2021.01.21 18:15,31181.1,54,27,27
2021.01.21 18:35,31133.1,55,27,28
2021.01.21 18:55,31184.1,52,24,28
2021.01.21 19:25,31152.1,44,22,22
2021.01.21 19:35,31127.6,42,27,15
2021.01.21 19:45,31152.1,44,22,22
2021.01.21 19:50,31127.2,40,25,15
2021.01.21 20:45,31180.2,51,24,27
2021.01.21 21:45,31225.7,31,17,14
2021.01.21 21:55,31244.7,37,23,14
2021.01.21 22:00,31221.7,32,15,17
2021.01.21 22:05,31240.7,32,13,19
2021.01.21 22:15,31208.7,29,16,13
2021.01.21 22:20,31222.6,29,14,15
2021.01.21 22:25,31207.1,29,16,13
2021.01.21 22:45,31247.6,39,25,14
2021.01.21 23:20,31179.1,51,22,29
2021.01.21 23:40,31160.9,40,20,20
2021.01.21 23:45,31181.9,44,19,25
2021.01.22 00:40,31155.9,35,15,20
2021.01.22 01:50,31132.9,46,21,25
2021.01.22 02:15,31180.9,42,21,21
2021.01.22 02:20,31162.9,30,17,13
2021.01.22 02:25,31183.4,42,20,22
2021.01.22 03:10,31154.9,32,12,20
2021.01.22 03:35,31137.9,35,17,18
2021.01.22 03:50,31122.4,30,18,12
2021.01.22 04:40,31113.9,26,13,13
2021.01.22 05:25,31067.4,75,36,39
2021.01.22 06:00,31064.9,71,34,37
2021.01.22 06:50,31083.9,63,29,34
2021.01.22 07:05,31099.9,78,39,39
2021.01.22 07:15,31086.4,73,36,37
2021.01.22 07:30,31106.4,55,18,37
2021.01.22 08:15,31061.4,62,29,33
2021.01.22 09:30,31015.0,53,18,35
2021.01.22 09:35,31034.5,51,30,21
2021.01.22 09:40,31019.5,46,22,24
2021.01.22 09:50,31049.5,52,27,25
2021.01.22 10:35,30997.5,73,33,40
2021.01.22 11:05,31042.5,48,25,23
2021.01.22 11:45,30912.5,53,28,25
2021.01.22 11:55,30952.0,87,43,44
2021.01.22 12:00,30931.0,59,34,25
2021.01.22 12:10,30959.0,89,47,42
2021.01.22 12:20,30940.0,79,39,40
2021.01.22 14:10,30919.5,41,17,24
2021.01.22 14:15,30943.0,75,43,32
2021.01.22 14:40,30895.5,70,29,41
2021.01.22 14:55,30955.0,81,41,40
2021.01.22 15:10,30956.5,80,43,37
2021.01.22 15:20,30935.0,60,36,24
2021.01.22 16:20,30988.0,79,37,42
2021.01.22 17:35,30909.2,47,19,28
2021.01.22 18:05,31019.2,37,19,18
2021.01.22 18:15,30987.2,70,36,34
2021.01.22 19:00,31102.7,70,28,42
2021.01.22 19:05,31058.7,61,30,31
2021.01.22 19:25,31102.7,69,28,41
2021.01.22 19:35,31073.7,63,29,34
2021.01.22 19:40,31101.7,72,41,31
2021.01.22 19:45,31079.2,59,27,32
2021.01.22 19:50,31100.2,70,39,31
2021.01.22 20:10,31043.7,43,21,22
2021.01.22 20:25,31090.7,55,26,29
2021.01.22 20:30,31077.7,56,24,32
2021.01.22 20:40,31100.7,72,43,29
2021.01.22 21:10,31048.2,47,24,23
2021.01.22 22:05,31073.7,56,26,30
2021.01.22 22:40,31086.3,50,29,21
2021.01.22 23:00,30978.1,74,44,30
2021.01.22 23:45,30993.6,60,30,30
2021.01.25 02:55,31089.6,52,28,24
2021.01.25 03:15,31088.1,46,26,20
2021.01.25 03:20,31073.1,36,20,16
2021.01.25 03:30,31086.1,45,29,16
2021.01.25 03:40,31062.1,31,9,22
2021.01.25 03:45,31077.1,36,18,18
2021.01.25 04:50,31111.1,29,14,15
2021.01.25 06:05,31081.6,32,13,19
2021.01.25 06:30,31095.1,39,26,13
2021.01.25 07:05,31100.6,61,33,28
2021.01.25 07:30,31091.1,32,17,15
2021.01.25 08:25,31080.6,25,11,14
2021.01.25 08:45,31107.6,38,15,23
2021.01.25 08:55,31086.1,20,12,8
2021.01.25 09:00,31105.2,48,19,29
2021.01.25 09:55,31109.2,33,15,18
2021.01.25 10:25,31032.2,36,21,15
2021.01.25 10:35,31066.7,29,12,17
2021.01.25 11:10,31043.7,25,9,16
2021.01.25 12:15,30972.2,73,39,34
2021.01.25 14:15,30971.7,69,37,32
2021.01.25 14:55,30832.2,48,23,25
2021.01.25 15:15,30895.7,67,28,39
2021.01.25 16:10,30902.7,54,25,29
2021.01.25 16:30,30947.3,62,28,34
2021.01.25 16:50,30756.3,101,55,46
2021.01.25 17:05,30899.3,55,21,34
2021.01.25 17:10,30863.3,76,39,37
2021.01.25 17:35,30893.9,61,30,31
2021.01.25 17:40,30918.9,27,10,17
2021.01.25 18:05,30560.9,51,24,27
2021.01.25 18:20,30733.9,86,51,35
2021.01.25 19:00,30847.4,53,30,23
2021.01.25 19:25,30761.9,104,49,55
2021.01.25 20:00,30898.9,52,20,32
2021.01.25 20:05,30853.9,65,44,21
2021.01.25 20:55,30881.4,61,34,27
2021.01.25 21:05,30929.4,24,18,6
2021.01.25 21:15,30864.4,68,35,33
2021.01.25 21:30,30925.4,19,12,7
2021.01.25 22:15,30842.4,31,21,10
2021.01.25 22:25,30895.4,36,18,18
2021.01.25 22:35,30859.4,68,34,34
2021.01.25 23:00,30995.2,53,23,30
2021.01.25 23:20,30980.0,66,39,27
2021.01.25 23:40,30976.2,63,39,24
2021.01.25 23:50,30958.2,61,31,30
2021.01.25 23:55,30973.2,64,35,29
2021.01.26 00:00,30964.0,62,36,26
2021.01.26 00:10,30970.8,62,29,33
2021.01.26 00:40,30962.3,59,30,29
2021.01.26 00:45,30955.4,61,31,30
2021.01.26 00:50,30962.8,59,32,27
2021.01.26 01:10,30944.2,52,32,20
2021.01.26 01:15,30961.2,58,27,31
2021.01.26 01:35,30963.7,58,33,25
2021.01.26 02:45,30890.2,47,20,27
2021.01.26 02:50,30919.2,14,5,9
2021.01.26 03:05,30924.2,15,8,7
2021.01.26 03:45,30877.7,50,22,28
2021.01.26 04:00,30903.7,24,12,12
2021.01.26 04:40,30850.7,49,29,20
2021.01.26 05:05,30837.2,31,15,16
2021.01.26 05:15,30859.7,59,29,30
2021.01.26 05:20,30840.7,30,16,14
2021.01.26 05:25,30856.7,57,31,26
2021.01.26 06:50,30801.2,58,23,35
2021.01.26 06:55,30791.7,74,38,36
2021.01.26 07:15,30832.2,31,16,15
2021.01.26 08:05,30779.7,86,44,42
2021.01.26 08:20,30806.2,47,23,24
2021.01.26 09:25,30846.8,34,24,10
2021.01.26 10:25,30891.3,37,15,22
2021.01.26 10:50,30946.8,50,21,29
2021.01.26 10:55,30918.3,8,2,6
2021.01.26 11:05,30956.8,50,26,24
2021.01.26 11:10,30934.3,30,21,9
2021.01.26 11:30,30991.8,55,29,26
2021.01.26 11:45,30971.3,58,29,29
2021.01.26 11:55,30925.3,11,7,4
2021.01.26 12:45,30923.8,10,5,5
2021.01.26 13:20,30990.3,57,29,28
2021.01.26 13:25,30976.8,53,31,22
2021.01.26 13:50,31054.8,25,13,12
2021.01.26 14:00,31014.3,17,4,13
2021.01.26 14:25,31043.8,19,7,12
2021.01.26 14:30,31018.8,11,5,6
2021.01.26 15:00,31059.8,25,13,12
2021.01.26 16:15,31067.3,25,14,11
2021.01.26 16:20,31046.3,12,4,8
2021.01.26 16:55,31025.4,7,3,4
2021.01.26 17:05,31076.9,22,11,11
2021.01.26 17:30,31035.4,8,4,4
2021.01.26 17:35,30983.9,52,26,26
2021.01.26 17:45,31041.9,9,4,5
2021.01.26 18:10,30932.4,18,11,7
2021.01.26 18:25,30992.9,37,20,17
2021.01.26 19:15,30940.2,23,14,9
2021.01.26 19:45,30929.3,13,9,4
2021.01.26 20:15,30998.3,33,14,19
2021.01.26 21:15,31012.3,11,2,9
2021.01.26 21:50,30962.8,33,18,15
2021.01.26 22:10,31007.3,17,9,8
2021.01.26 22:15,30984.3,30,14,16
2021.01.26 22:25,31017.4,4,1,3
2021.01.26 22:55,30922.4,9,3,6
2021.01.26 23:40,30974.2,30,16,14
2021.01.27 00:15,30929.8,12,8,4
2021.01.27 01:20,30982.2,29,16,13
2021.01.27 02:35,30963.7,15,10,5
2021.01.27 02:50,30937.2,11,5,6
2021.01.27 03:00,30953.2,10,5,5
2021.01.27 03:10,30919.7,8,2,6
2021.01.27 03:30,30961.2,11,7,4
2021.01.27 04:45,30862.7,52,25,27
2021.01.27 05:10,30852.2,35,23,12
2021.01.27 05:40,30891.2,34,14,20
2021.01.27 05:45,30883.2,36,17,19
2021.01.27 05:50,30892.7,34,13,21
2021.01.27 07:10,30874.2,43,18,25
2021.01.27 07:35,30835.2,24,15,9
2021.01.27 08:10,30846.7,26,17,9
2021.01.27 08:15,30869.7,41,19,22
2021.01.27 09:20,30903.3,13,7,6
2021.01.27 09:50,30863.8,32,15,17
2021.01.27 09:55,30884.8,29,15,14
2021.01.27 10:20,30878.3,28,14,14
2021.01.27 10:55,30829.3,20,11,9
2021.01.27 11:05,30884.8,28,15,13
2021.01.27 11:10,30860.3,20,8,12
2021.01.27 12:20,30845.3,16,12,4
2021.01.27 13:05,30753.8,91,46,45
2021.01.27 13:20,30805.8,44,21,23
2021.01.27 13:25,30773.3,99,41,58
2021.01.27 13:30,30794.3,61,28,33
2021.01.27 14:30,30710.8,61,37,24
2021.01.27 15:00,30561.8,50,22,28
2021.01.27 15:25,30687.3,67,32,35
2021.01.27 15:40,30578.3,44,25,19
2021.01.27 15:50,30649.3,39,22,17
2021.01.27 15:55,30620.3,43,17,26
2021.01.27 16:00,30648.8,37,20,17
2021.01.27 16:10,30563.8,47,20,27
2021.01.27 16:25,30670.3,48,23,25
2021.01.27 16:50,30360.4,74,28,46
2021.01.27 18:15,30551.4,47,24,23
2021.01.27 20:00,30648.6,32,17,15
2021.01.27 20:35,30627.6,23,12,11
2021.01.27 20:55,30515.1,20,13,7
2021.01.27 21:00,30585.1,23,11,12
2021.01.27 21:05,30497.6,25,11,14
2021.01.27 21:10,30547.6,32,17,15
2021.01.27 21:35,30345.1,94,47,47
2021.01.27 21:40,30456.6,57,24,33
2021.01.27 23:00,30381.8,39,21,18
2021.01.27 23:20,30263.0,87,41,46
2021.01.28 00:00,30281.4,77,34,43
2021.01.28 00:05,30244.4,77,44,33
2021.01.28 00:10,30278.8,78,37,41
2021.01.28 00:15,30252.0,85,45,40
2021.01.28 00:20,30307.7,71,31,40
2021.01.28 00:30,30251.9,82,43,39
2021.01.28 00:35,30283.1,72,33,39
2021.01.28 00:40,30240.0,78,42,36
2021.01.28 01:25,30175.8,65,34,31
2021.01.28 01:45,30146.3,37,22,15
2021.01.28 01:55,30048.3,33,16,17
2021.01.28 02:20,30185.3,70,29,41
2021.01.28 02:25,30140.8,30,17,13
2021.01.28 02:40,30232.8,75,37,38
2021.01.28 03:25,30323.8,86,42,44
2021.01.28 03:30,30285.8,65,36,29
2021.01.28 03:50,30363.8,53,23,30
2021.01.28 04:10,30315.8,75,36,39
2021.01.28 04:50,30224.3,70,35,35
2021.01.28 05:20,30312.8,71,35,36
2021.01.28 05:25,30278.3,64,30,34
2021.01.28 05:30,30321.8,80,38,42
2021.01.28 05:35,30271.3,65,29,36
2021.01.28 05:40,30315.3,72,35,37
2021.01.28 05:55,30251.8,75,38,37
2021.01.28 06:05,30293.3,55,29,26
2021.01.28 06:35,30231.8,70,31,39
2021.01.28 06:45,30258.8,69,31,38
2021.01.28 06:50,30231.8,69,30,39
2021.01.28 07:15,30294.8,55,26,29
2021.01.28 07:20,30275.8,54,26,28
2021.01.28 07:25,30304.8,51,27,24
2021.01.28 08:20,30185.8,68,27,41
2021.01.28 08:30,30231.8,67,30,37
2021.01.28 08:35,30211.3,78,33,45
2021.01.28 08:40,30225.8,66,34,32
2021.01.28 08:50,30206.8,85,32,53
2021.01.28 09:15,30222.4,60,30,30
2021.01.28 09:35,30172.9,57,27,30
2021.01.28 09:50,30281.4,48,22,26
2021.01.28 10:45,30136.4,27,12,15
2021.01.28 10:50,30185.9,64,26,38
2021.01.28 10:55,30103.4,44,21,23
2021.01.28 11:05,30161.9,42,22,20
2021.01.28 11:10,30089.9,45,27,18
2021.01.28 11:15,30146.4,26,16,10
2021.01.28 11:25,30085.4,40,23,17
2021.01.28 11:30,30128.9,18,9,9
2021.01.28 12:00,30137.9,20,10,10
2021.01.28 13:20,30339.4,69,38,31
2021.01.28 13:40,30279.4,36,17,19
2021.01.28 14:00,30280.4,36,16,20
2021.01.28 14:35,30344.4,71,44,27
2021.01.28 14:50,30336.4,63,34,29
2021.01.28 16:00,30541.4,30,16,14
2021.01.28 17:20,30823.8,17,7,10
2021.01.28 17:25,30729.8,66,34,32
2021.01.28 17:30,30779.3,72,35,37
2021.01.28 17:40,30719.3,59,30,29
2021.01.28 18:20,30828.3,13,8,5
2021.01.28 18:55,30860.3,8,4,4
2021.01.28 19:05,30934.8,4,3,1
2021.01.28 19:25,30886.3,15,6,9
2021.01.28 20:00,30905.6,2,1,1
2021.01.28 20:50,30864.6,5,3,2
2021.01.28 21:00,30893.1,5,3,2
2021.01.28 21:35,30757.1,93,48,45
2021.01.28 22:05,30813.6,24,10,14
2021.01.28 22:45,30659.1,39,23,16
2021.01.28 22:50,30726.8,58,33,25
2021.01.28 23:50,30524.6,20,15,5
2021.01.28 23:55,30566.6,20,11,9
2021.01.29 00:00,30526.1,21,14,7
2021.01.29 00:15,30568.0,19,10,9
2021.01.29 00:35,30568.4,18,10,8
2021.01.29 00:40,30557.6,19,8,11
2021.01.29 01:00,30502.6,13,6,7
2021.01.29 01:10,30570.1,17,10,7
2021.01.29 01:15,30536.6,19,9,10
2021.01.29 01:35,30598.6,10,5,5
2021.01.29 01:40,30564.1,13,6,7
2021.01.29 01:45,30589.6,13,7,6
2021.01.29 01:55,30499.6,14,4,10
2021.01.29 02:15,30573.6,10,7,3
2021.01.29 02:40,30511.6,6,2,4
2021.01.29 04:15,30503.1,7,3,4
2021.01.29 04:40,30438.6,50,27,23
2021.01.29 04:50,30509.6,4,2,2
2021.01.29 07:40,30204.1,77,32,45
2021.01.29 07:55,30297.1,30,16,14
2021.01.29 08:50,30319.6,49,20,29
2021.01.29 09:35,30209.2,68,24,44
2021.01.29 09:50,30344.2,59,38,21
2021.01.29 10:10,30199.2,67,30,37
2021.01.29 10:35,30270.7,18,6,12
2021.01.29 11:05,30400.2,22,10,12
2021.01.29 11:20,30295.7,19,10,9
2021.01.29 11:35,30400.2,21,10,11
2021.01.29 11:45,30322.2,34,15,19
2021.01.29 11:50,30377.7,22,17,5
2021.01.29 12:20,30292.2,17,9,8
2021.01.29 12:25,30337.2,33,20,13
2021.01.29 12:30,30301.7,15,8,7
2021.01.29 13:10,30318.2,23,9,14
2021.01.29 14:15,30435.7,35,20,15
2021.01.29 14:40,30379.7,20,15,5
2021.01.29 14:45,30425.7,24,15,9
2021.01.29 15:45,30491.7,1,1,0
2021.01.29 16:10,30400.7,14,6,8
2021.01.29 16:40,30182.8,59,28,31
2021.01.29 16:45,30313.8,15,9,6
2021.01.29 16:50,30211.3,59,20,39
2021.01.29 17:10,30471.3,19,6,13
2021.01.29 17:15,30371.8,15,6,9
2021.01.29 17:30,30466.3,24,12,12
2021.01.29 17:45,30337.3,24,15,9
2021.01.29 18:35,30138.3,20,10,10
2021.01.29 18:40,30236.3,36,18,18
2021.01.29 18:50,30153.8,25,13,12
2021.01.29 19:35,29974.3,20,8,12
2021.01.29 19:40,30042.5,24,11,13
2021.01.29 19:45,29895.5,10,5,5
2021.01.29 20:15,29856.5,7,4,3
2021.01.29 20:55,29945.5,19,11,8
2021.01.29 21:15,30104.0,35,17,18
2021.01.29 21:50,30066.0,27,13,14
2021.01.29 21:55,30009.0,4,2,2
2021.01.29 22:10,30172.0,41,21,20
2021.01.29 22:15,30134.4,13,6,7
2021.01.29 22:20,30192.6,54,21,33
2021.01.29 22:25,30134.1,12,5,7
2021.01.29 22:30,30211.1,51,19,32
2021.01.29 22:45,30000.1,5,1,4
2021.01.29 23:05,29912.4,9,4,5
2021.01.29 23:10,30001.4,1,1,0
2021.01.29 23:25,29929.9,13,6,7
2021.01.29 23:30,29978.9,4,3,1
2021.02.01 01:45,29820.4,4,3,1
2021.02.01 02:25,29902.4,4,2,2
2021.02.01 02:35,29818.4,0,0,0
2021.02.01 03:10,29858.4,0,0,0
2021.02.01 03:40,29950.4,9,4,5
2021.02.01 04:20,29983.4,4,3,1
2021.02.01 04:35,29919.4,0,0,0
2021.02.01 05:05,30000.4,1,1,0
2021.02.01 05:10,29974.9,0,0,0
2021.02.01 05:45,30091.9,35,19,16
2021.02.01 06:00,30082.9,25,15,10
2021.02.01 06:25,30103.9,31,15,16
2021.02.01 07:15,30092.9,31,15,16
2021.02.01 07:20,30118.4,15,5,10
2021.02.01 07:30,30085.4,20,14,6
2021.02.01 07:35,30106.9,24,9,15
2021.02.01 07:40,30080.9,15,9,6
2021.02.01 07:55,30116.4,15,5,10
2021.02.01 08:00,30091.9,24,14,10
2021.02.01 08:15,30119.4,10,6,4
2021.02.01 08:55,30084.4,17,11,6
2021.02.01 09:00,30119.0,11,6,5
2021.02.01 09:30,30210.0,52,18,34
2021.02.01 10:00,30119.0,9,4,5
2021.02.01 10:35,30079.5,12,7,5
2021.02.01 11:00,30211.5,48,18,30
2021.02.01 11:05,30172.5,25,15,10
2021.02.01 12:05,30196.0,47,22,25
2021.02.01 13:45,30209.0,42,14,28
2021.02.01 13:50,30245.5,26,13,13
2021.02.01 14:00,30201.0,40,17,23
2021.02.01 15:00,30190.0,28,12,16
2021.02.01 15:10,30219.0,25,13,12
2021.02.01 15:40,30221.0,26,16,10
2021.02.01 17:10,30024.1,1,1,0
2021.02.01 17:20,30116.1,7,2,5
2021.02.01 17:35,30141.1,1,1,0
2021.02.01 18:45,30252.6,18,9,9
2021.02.01 19:05,30192.1,15,7,8
2021.02.01 19:15,30235.6,22,13,9
2021.02.01 19:30,30240.1,23,13,10
2021.02.01 19:45,30188.2,12,4,8
2021.02.01 20:00,30245.2,19,11,8
2021.02.01 20:30,30272.2,9,5,4
2021.02.01 22:30,30220.1,4,2,2
2021.02.01 22:35,30266.6,6,3,3
2021.02.01 23:25,30184.9,8,6,2
2021.02.01 23:30,30160.4,0,0,0
2021.02.02 01:30,30262.9,4,1,3
2021.02.02 01:35,30230.4,4,1,3
2021.02.02 02:15,30171.4,1,1,0
2021.02.02 02:20,30207.4,4,2,2
2021.02.02 02:30,30168.4,0,0,0
2021.02.02 03:35,30306.9,0,0,0
2021.02.02 03:55,30360.9,27,13,14
2021.02.02 04:35,30376.4,7,4,3
2021.02.02 04:40,30357.4,25,13,12
2021.02.02 04:45,30373.9,8,3,5
2021.02.02 05:10,30330.4,7,6,1
2021.02.02 05:50,30356.9,20,11,9
2021.02.02 05:55,30342.4,18,14,4
2021.02.02 06:00,30355.9,22,12,10
2021.02.02 06:05,30336.4,9,5,4
2021.02.02 06:20,30356.9,19,11,8
2021.02.02 06:55,30366.9,12,4,8
2021.02.02 07:00,30345.4,11,7,4
2021.02.02 07:15,30348.4,13,9,4
2021.02.02 07:20,30367.4,8,4,4
2021.02.02 07:25,30348.9,15,10,5
2021.02.02 07:35,30378.9,6,5,1
2021.02.02 08:00,30404.9,4,3,1
2021.02.02 08:05,30378.9,4,3,1
2021.02.02 08:10,30394.4,1,1,0
2021.02.02 09:10,30359.0,4,3,1
2021.02.02 09:20,30320.5,0,0,0
2021.02.02 09:40,30363.5,2,2,0
2021.02.02 09:45,30327.5,0,0,0
2021.02.02 10:20,30452.0,36,19,17
2021.02.02 10:25,30417.0,5,1,4
2021.02.02 10:30,30448.0,37,20,17
2021.02.02 11:10,30466.5,23,12,11
2021.02.02 11:20,30436.0,11,9,2
2021.02.02 11:30,30465.5,21,14,7
2021.02.02 11:35,30444.0,28,19,9
2021.02.02 11:50,30477.0,7,3,4
2021.02.02 12:30,30426.0,1,1,0
2021.02.02 13:05,30482.0,1,1,0
2021.02.02 13:35,30437.5,13,12,1
2021.02.02 13:45,30456.5,16,6,10
2021.02.02 14:00,30422.0,0,0,0
2021.02.02 14:45,30433.0,0,0,0
2021.02.02 14:55,30458.5,8,3,5
2021.02.02 15:05,30439.0,6,6,0
2021.02.02 15:10,30465.0,6,4,2
2021.02.02 15:30,30434.0,0,0,0
2021.02.02 15:50,30474.5,1,1,0
2021.02.02 16:35,30566.1,5,3,2
2021.02.02 16:40,30505.1,0,0,0
2021.02.02 17:35,30747.1,90,37,53
2021.02.02 17:40,30703.6,39,20,19
2021.02.02 18:10,30822.0,12,4,8
2021.02.02 18:30,30769.0,93,42,51
2021.02.02 18:55,30802.0,23,10,13
2021.02.02 19:10,30839.0,3,1,2
2021.02.02 19:30,30780.0,57,23,34
2021.02.02 19:35,30801.0,23,10,13
2021.02.02 19:40,30781.7,54,19,35
2021.02.02 20:10,30818.7,7,5,2
2021.02.02 21:50,30781.2,44,15,29
2021.02.03 00:35,30707.9,36,19,17
2021.02.03 00:40,30717.5,43,21,22
2021.02.03 00:45,30709.1,38,21,17
2021.02.03 01:05,30674.7,32,17,15
2021.02.03 01:40,30759.2,76,38,38
2021.02.03 02:05,30705.2,30,18,12
2021.02.03 02:10,30737.7,77,53,24
2021.02.03 02:15,30718.2,38,20,18
2021.02.03 02:50,30800.7,14,6,8
2021.02.03 03:10,30783.2,28,9,19
2021.02.03 03:35,30718.2,37,19,18
2021.02.03 03:45,30760.7,67,37,30
2021.02.03 03:50,30724.7,40,21,19
2021.02.03 03:55,30755.7,63,41,22
2021.02.03 04:05,30701.2,32,17,15
2021.02.03 04:20,30728.2,40,22,18
2021.02.03 05:05,30727.7,37,19,18
2021.02.03 05:35,30696.7,34,13,21
2021.02.03 06:00,30708.7,27,12,15
2021.02.03 06:25,30731.2,36,23,13
2021.02.03 07:05,30763.7,72,38,34
2021.02.03 07:10,30738.2,53,35,18
2021.02.03 07:25,30777.2,39,17,22
2021.02.03 08:10,30750.7,52,27,25
2021.02.03 08:35,30737.7,50,33,17
2021.02.03 10:20,30726.3,33,17,16
2021.02.03 10:30,30762.8,51,25,26
2021.02.03 10:45,30726.3,32,16,16
2021.02.03 10:50,30753.3,41,23,18
2021.02.03 11:30,30738.8,42,26,16
2021.02.03 12:05,30738.3,41,28,13
2021.02.03 12:50,30752.8,41,24,17
2021.02.03 13:20,30729.3,17,10,7
2021.02.03 13:35,30709.3,21,9,12
2021.02.03 14:10,30677.8,35,19,16
2021.02.03 14:15,30699.8,27,11,16
2021.02.03 14:25,30666.8,34,19,15
2021.02.03 14:55,30681.3,32,16,16
2021.02.03 15:00,30660.3,32,16,16
2021.02.03 15:05,30673.8,28,15,13
2021.02.03 15:10,30655.3,29,18,11
2021.02.03 15:20,30698.8,28,11,17
2021.02.03 15:30,30669.8,24,8,16
2021.02.03 15:45,30676.3,25,13,12
2021.02.03 17:00,30692.9,27,12,15
2021.02.03 17:35,30517.9,0,0,0
2021.02.03 18:00,30645.9,6,3,3
2021.02.03 19:35,30629.6,0,0,0
2021.02.03 20:30,30692.2,19,8,11
2021.02.03 20:50,30730.7,16,11,5
2021.02.03 21:45,30792.7,17,11,6
2021.02.03 22:00,30751.2,38,19,19
2021.02.03 22:30,30748.8,36,11,25
2021.02.03 23:25,30826.2,4,2,2
2021.02.03 23:45,30804.9,4,3,1
2021.02.04 00:15,30825.6,4,2,2
2021.02.04 00:50,30806.1,3,2,1
2021.02.04 00:55,30823.0,3,1,2
2021.02.04 01:10,30772.9,28,13,15
2021.02.04 01:20,30794.9,2,1,1
2021.02.04 01:40,30777.4,20,10,10
2021.02.04 01:45,30763.4,30,13,17
2021.02.04 01:55,30785.9,11,2,9
2021.02.04 02:05,30764.9,30,15,15
2021.02.04 02:15,30787.4,7,2,5
2021.02.04 02:20,30764.9,29,14,15
2021.02.04 02:25,30794.4,2,1,1
2021.02.04 02:55,30727.4,9,5,4
2021.02.04 03:05,30754.9,29,17,12
2021.02.04 03:15,30724.4,9,4,5
2021.02.04 03:30,30760.4,30,14,16
2021.02.04 03:40,30722.9,8,4,4
2021.02.04 04:50,30748.9,21,5,16
2021.02.04 05:00,30770.9,16,4,12
2021.02.04 05:50,30685.9,18,11,7
2021.02.04 07:05,30648.9,1,1,0
2021.02.04 07:10,30672.4,5,3,2
2021.02.04 07:15,30648.9,0,0,0
2021.02.04 07:20,30671.9,5,3,2
2021.02.04 07:55,30690.9,14,8,6
2021.02.04 08:20,30696.9,12,7,5
2021.02.04 08:25,30683.4,6,5,1
2021.02.04 08:30,30694.9,9,4,5
2021.02.04 08:40,30679.4,2,1,1
2021.02.04 09:40,30711.5,6,3,3
2021.02.04 10:35,30780.0,8,4,4
2021.02.04 11:30,30754.5,14,11,3
2021.02.04 12:00,30721.0,2,1,1
2021.02.04 12:35,30764.5,15,8,7
2021.02.04 12:40,30750.0,8,3,5
2021.02.04 13:15,30774.0,8,3,5
2021.02.04 13:55,30695.0,0,0,0
2021.02.04 14:30,30731.0,0,0,0
2021.02.04 15:15,30771.0,7,2,5
2021.02.04 15:20,30754.5,0,0,0
2021.02.04 17:20,30996.6,21,10,11
2021.02.04 17:30,30928.6,0,0,0
2021.02.04 19:05,30963.6,6,5,1
2021.02.04 19:15,30985.6,16,8,8
2021.02.04 19:45,30978.8,10,7,3
2021.02.04 19:55,30958.8,0,0,0
2021.02.04 20:55,30978.8,4,2,2
2021.02.04 21:05,31013.8,3,1,2
2021.02.04 21:20,30989.3,6,3,3
2021.02.04 21:35,31012.8,3,1,2
2021.02.04 22:20,30959.3,0,0,0
2021.02.04 22:30,30992.8,1,1,0
2021.02.04 23:10,31088.7,9,5,4
2021.02.04 23:15,31066.3,19,10,9
2021.02.04 23:40,31080.2,12,7,5
2021.02.05 00:05,31074.9,10,5,5
2021.02.05 01:15,31087.7,8,6,2
2021.02.05 01:35,31047.7,5,2,3
2021.02.05 02:25,31047.2,4,1,3
2021.02.05 02:30,31059.7,3,2,1
2021.02.05 02:55,31045.7,4,2,2
2021.02.05 04:05,31116.2,22,15,7
2021.02.05 04:10,31100.7,47,29,18
2021.02.05 05:05,31111.7,20,13,7
2021.02.05 05:15,31092.2,10,7,3
2021.02.05 05:30,31104.7,34,14,20
2021.02.05 05:45,31075.2,0,0,0
2021.02.05 06:25,31107.7,25,12,13
2021.02.05 06:45,31096.2,13,11,2
2021.02.05 07:00,31093.7,7,5,2
2021.02.05 07:10,31114.2,19,12,7
2021.02.05 07:15,31101.2,20,11,9
2021.02.05 07:40,31150.7,36,17,19
2021.02.05 07:50,31129.7,29,15,14
2021.02.05 08:00,31156.7,25,12,13
2021.02.05 08:10,31138.2,31,15,16
2021.02.05 08:45,31116.2,17,12,5
2021.02.05 09:00,31108.8,19,12,7
2021.02.05 09:05,31128.8,27,15,12
2021.02.05 09:25,31091.8,6,4,2
2021.02.05 09:40,31110.8,17,11,6
2021.02.05 10:05,31078.8,0,0,0
2021.02.05 10:10,31107.8,12,8,4
2021.02.05 10:15,31088.8,2,1,1
2021.02.05 10:40,31094.3,2,1,1
2021.02.05 11:45,31187.8,37,13,24
2021.02.05 12:00,31159.8,22,10,12
2021.02.05 12:20,31186.3,38,14,24
2021.02.05 13:10,31221.3,28,16,12
2021.02.05 13:15,31206.8,26,14,12
2021.02.05 13:25,31224.3,24,14,10
2021.02.05 13:35,31196.8,22,12,10
2021.02.05 13:50,31212.8,22,16,6
2021.02.05 14:05,31193.3,22,10,12
2021.02.05 14:15,31209.8,23,16,7
2021.02.05 14:50,31175.3,31,15,16
2021.02.05 15:10,31175.3,30,14,16
2021.02.05 15:25,31211.3,23,17,6
2021.02.05 15:50,31197.8,14,7,7
2021.02.05 15:55,31171.8,24,15,9
2021.02.05 16:10,31230.8,28,17,11
2021.02.05 16:15,31204.3,14,8,6
2021.02.05 17:20,31083.6,0,0,0
2021.02.05 17:50,31231.6,23,14,9
2021.02.05 18:35,31187.1,10,4,6
2021.02.05 19:00,31107.1,1,1,0
2021.02.05 19:15,31163.6,11,8,3
2021.02.05 19:25,31134.6,18,6,12
2021.02.05 20:30,31145.1,13,7,6
2021.02.05 20:35,31162.6,3,3,0
2021.02.05 20:40,31139.6,15,6,9
2021.02.05 20:45,31158.6,3,2,1
2021.02.05 21:10,31140.1,11,5,6
2021.02.05 21:30,31162.1,3,3,0
2021.02.05 21:50,31118.6,8,5,3
2021.02.05 21:55,31140.1,7,3,4
2021.02.05 22:20,31146.3,2,1,1
2021.02.05 22:30,31109.3,0,0,0
2021.02.05 22:35,31142.8,3,2,1
2021.02.05 22:40,31116.3,1,1,0
2021.02.05 22:45,31150.3,2,1,1
2021.02.05 22:50,31113.8,0,0,0
2021.02.08 01:10,31234.6,21,13,8
2021.02.08 01:45,31221.6,10,7,3
2021.02.08 02:00,31152.6,0,0,0
2021.02.08 03:00,31225.1,9,6,3
2021.02.08 03:45,31244.6,24,15,9
2021.02.08 04:05,31274.1,56,30,26
2021.02.08 04:15,31251.1,24,14,10
2021.02.08 05:30,31298.6,73,39,34
2021.02.08 05:35,31312.6,64,37,27
2021.02.08 05:50,31289.6,81,49,32
2021.02.08 06:35,31277.6,57,33,24
2021.02.08 07:00,31293.6,69,40,29
2021.02.08 07:10,31275.6,54,29,25
2021.02.08 07:50,31258.6,28,16,12
2021.02.08 08:50,31276.6,47,28,19
2021.02.08 09:50,31267.2,42,26,16
2021.02.08 11:10,31250.2,15,11,4
2021.02.08 11:30,31203.7,0,0,0
2021.02.08 12:45,31226.2,2,2,0
2021.02.08 12:55,31244.2,6,4,2
2021.02.08 13:00,31230.2,2,2,0
2021.02.08 14:25,31285.7,57,35,22
2021.02.08 14:45,31261.2,16,12,4
2021.02.08 14:55,31278.2,45,26,19
2021.02.08 16:10,31290.2,61,43,18
2021.02.08 16:25,31259.2,12,7,5
2021.02.08 16:55,31316.3,60,34,26
2021.02.08 17:10,31318.8,57,30,27
2021.02.08 17:15,31347.8,96,54,42
2021.02.08 17:25,31304.8,59,34,25
2021.02.08 18:15,31253.3,9,6,3
2021.02.08 18:40,31234.8,2,2,0
2021.02.08 19:15,31304.3,56,32,24
2021.02.08 19:40,31278.8,30,15,15
2021.02.08 22:35,31307.4,54,31,23
2021.02.08 23:45,31387.9,138,74,64
2021.02.09 00:25,31355.4,110,62,48
2021.02.09 01:35,31362.4,110,61,49
2021.02.09 01:40,31344.9,83,47,36
2021.02.09 01:55,31369.9,119,65,54
2021.02.09 02:25,31317.4,53,30,23
2021.02.09 02:55,31381.9,128,75,53
2021.02.09 03:55,31384.9,137,64,73
2021.02.09 04:30,31384.4,137,64,73
2021.02.09 04:50,31360.4,101,61,40
2021.02.09 04:55,31370.9,108,59,49
2021.02.09 05:00,31361.9,100,55,45
2021.02.09 05:20,31356.9,89,54,35
2021.02.09 06:25,31339.4,51,29,22
2021.02.09 06:40,31357.9,92,56,36
2021.02.09 06:50,31345.9,68,39,29
2021.02.09 07:10,31342.9,62,37,25
2021.02.09 07:50,31351.4,75,44,31
2021.02.09 08:10,31355.9,81,51,30
2021.02.09 08:15,31365.4,100,61,39
2021.02.09 09:25,31339.5,48,28,20
2021.02.09 10:05,31337.0,49,26,23
2021.02.09 10:35,31366.0,99,60,39
2021.02.09 10:40,31354.5,59,34,25
2021.02.09 10:45,31376.0,116,62,54
2021.02.09 11:20,31304.5,52,30,22
2021.02.09 11:25,31334.0,46,22,24
2021.02.09 12:15,31333.0,43,23,20
2021.02.09 12:25,31321.5,41,20,21
2021.02.09 12:30,31335.0,44,25,19
2021.02.09 14:10,31296.0,43,28,15
2021.02.09 14:20,31314.0,47,28,19
2021.02.09 14:25,31302.5,42,24,18
2021.02.09 14:35,31321.5,39,20,19
2021.02.09 15:10,31278.5,11,7,4
2021.02.09 15:30,31302.0,40,23,17
2021.02.09 15:35,31282.5,18,13,5
2021.02.09 15:55,31312.0,43,25,18
2021.02.09 16:05,31283.0,18,13,5
2021.02.09 16:40,31237.1,2,2,0
2021.02.09 16:55,31312.6,43,26,17
2021.02.09 17:25,31295.6,26,19,7
2021.02.09 17:30,31321.1,36,20,16
2021.02.09 17:35,31299.1,26,17,9
2021.02.09 17:40,31334.1,41,22,19
2021.02.09 17:45,31293.6,22,16,6
2021.02.09 19:50,31425.8,96,44,52
2021.02.09 20:25,31390.8,140,70,70
2021.02.09 20:35,31407.8,128,52,76
2021.02.09 20:50,31391.3,142,72,70
2021.02.09 21:35,31438.3,107,50,57
2021.02.09 21:50,31419.8,107,50,57
2021.02.09 21:55,31433.3,105,56,49
2021.02.09 22:25,31393.8,149,75,74
2021.02.09 22:35,31429.8,87,43,44
2021.02.09 22:55,31351.2,54,31,23
2021.02.09 23:25,31406.1,129,53,76
2021.02.10 00:35,31401.4,126,59,67
2021.02.10 02:35,31388.0,128,70,58
2021.02.10 02:40,31396.0,124,54,70
2021.02.10 05:10,31470.0,136,72,64
2021.02.10 06:10,31443.0,92,46,46
2021.02.10 06:25,31455.0,126,73,53
2021.02.10 06:30,31447.5,94,54,40
2021.02.10 09:45,31499.1,108,58,50
2021.02.10 10:10,31434.6,98,50,48
2021.02.10 10:20,31470.1,134,71,63
2021.02.10 11:05,31474.6,144,74,70
2021.02.10 11:20,31449.6,75,36,39
2021.02.10 11:55,31454.6,98,57,41
2021.02.10 12:15,31445.6,78,37,41
2021.02.10 12:40,31459.6,99,51,48
2021.02.10 12:45,31452.1,85,50,35
2021.02.10 13:15,31489.1,103,52,51
2021.02.10 13:20,31480.6,150,67,83
2021.02.10 13:25,31499.1,107,58,49
2021.02.10 13:45,31458.1,101,51,50
2021.02.10 14:35,31471.1,134,76,58
2021.02.10 14:50,31452.6,82,47,35
2021.02.10 15:00,31467.6,110,60,50
2021.02.10 15:05,31456.1,89,48,41
2021.02.10 15:15,31469.6,115,62,53
2021.02.10 15:25,31450.1,73,34,39
2021.02.10 16:00,31500.1,109,57,52
2021.02.10 16:05,31514.6,142,70,72
2021.02.10 16:55,31445.7,78,36,42
2021.02.10 17:10,31490.6,97,50,47
2021.02.10 17:30,31286.1,10,8,2
2021.02.10 17:35,31359.1,61,42,19
2021.02.10 18:00,31426.1,76,33,43
2021.02.10 18:05,31347.1,46,29,17
2021.02.10 18:30,31329.1,31,16,15
2021.02.10 18:35,31395.1,114,56,58
2021.02.10 18:45,31354.6,45,26,19
2021.02.10 18:55,31413.6,103,47,56
2021.02.10 19:05,31322.6,28,16,12
2021.02.10 19:15,31387.1,118,66,52
2021.02.10 20:00,31368.7,79,48,31
2021.02.10 20:05,31403.2,96,43,53
2021.02.10 20:40,31426.7,73,33,40
2021.02.11 01:00,31451.1,61,32,29
2021.02.11 01:05,31421.6,73,31,42
2021.02.11 01:20,31449.1,60,28,32
2021.02.11 01:40,31425.1,64,26,38
2021.02.11 01:45,31442.1,64,29,35
2021.02.11 01:55,31427.6,57,23,34
2021.02.11 02:35,31364.1,68,46,22
2021.02.11 02:40,31388.1,99,53,46
2021.02.11 03:25,31386.1,102,52,50
2021.02.11 03:50,31348.1,35,21,14
2021.02.11 05:10,31412.1,86,39,47
2021.02.11 05:15,31425.6,57,24,33
2021.02.11 05:30,31409.1,83,38,45
2021.02.11 05:40,31427.1,54,23,31
2021.02.11 05:45,31417.6,76,33,43
2021.02.11 06:10,31436.1,67,31,36
2021.02.11 07:20,31428.6,49,21,28
2021.02.11 07:45,31429.1,49,22,27
2021.02.11 07:50,31438.1,58,28,30
2021.02.11 07:55,31431.6,55,25,30
2021.02.11 08:15,31458.6,73,37,36
2021.02.11 08:45,31465.1,83,47,36
2021.02.11 09:40,31469.7,104,59,45
2021.02.11 09:50,31449.7,54,26,28
2021.02.11 10:00,31483.7,123,54,69
2021.02.11 10:35,31443.2,51,27,24
2021.02.11 11:30,31476.7,129,66,63
2021.02.11 11:50,31499.2,93,52,41
2021.02.11 12:05,31497.2,85,50,35
2021.02.11 12:25,31463.2,69,43,26
2021.02.11 12:30,31479.7,128,60,68
2021.02.11 12:35,31468.7,86,47,39
2021.02.11 12:40,31477.2,124,63,61
2021.02.11 12:50,31464.7,68,40,28
2021.02.11 13:25,31505.2,105,56,49
2021.02.11 14:55,31452.7,51,29,22
2021.02.11 15:30,31471.2,89,49,40
2021.02.11 15:45,31488.2,78,42,36
2021.02.11 16:05,31461.2,56,31,25
2021.02.11 16:10,31479.2,109,53,56
2021.02.11 16:45,31539.3,108,53,55
2021.02.11 17:00,31412.3,80,34,46
2021.02.11 17:20,31519.1,138,65,73
2021.02.11 17:50,31504.1,93,49,44
2021.02.11 18:35,31460.1,47,25,22
2021.02.11 18:55,31398.6,91,43,48
2021.02.11 19:00,31427.6,40,16,24
2021.02.11 19:25,31280.6,4,4,0
2021.02.11 19:35,31348.6,33,20,13
2021.02.11 19:45,31245.1,0,0,0
2021.02.11 20:45,31319.1,16,10,6
2021.02.11 20:50,31343.1,27,19,8
2021.02.11 21:10,31280.6,0,0,0
2021.02.11 22:20,31412.2,76,31,45
2021.02.11 22:45,31427.2,40,17,23
2021.02.11 22:50,31386.2,93,46,47
2021.02.11 23:35,31449.5,40,19,21
2021.02.11 23:55,31407.5,73,31,42
2021.02.12 00:15,31417.7,59,24,35
2021.02.12 00:50,31393.6,87,36,51
2021.02.12 01:20,31425.0,42,15,27
2021.02.12 02:10,31465.5,50,30,20
2021.02.12 02:30,31425.0,39,12,27
2021.02.12 02:40,31439.0,33,15,18
2021.02.12 03:00,31421.0,41,16,25
2021.02.12 03:40,31382.5,89,51,38
2021.02.12 04:05,31404.0,60,27,33
2021.02.12 05:50,31409.0,55,26,29
2021.02.12 05:55,31393.0,78,31,47
2021.02.12 06:40,31398.0,61,26,35
2021.02.12 06:55,31377.0,77,42,35
2021.02.12 08:15,31385.5,80,38,42
2021.02.12 08:25,31398.0,57,24,33
2021.02.12 09:25,31392.6,67,25,42
2021.02.12 09:30,31383.1,73,40,33
2021.02.12 10:05,31356.1,32,20,12
2021.02.12 11:15,31333.1,9,7,2
2021.02.12 11:45,31366.6,55,37,18
2021.02.12 11:50,31350.6,22,14,8
2021.02.12 12:05,31371.6,62,36,26
2021.02.12 12:15,31355.1,25,16,9
2021.02.12 12:40,31360.1,30,20,10
2021.02.12 12:45,31375.1,66,37,29
2021.02.12 12:50,31362.6,36,24,12
2021.02.12 13:30,31347.6,18,14,4
2021.02.12 13:40,31364.1,39,30,9
2021.02.12 13:45,31356.1,23,15,8
2021.02.12 14:00,31398.6,49,24,25
2021.02.12 14:10,31367.1,42,28,14
2021.02.12 15:05,31415.6,47,22,25
2021.02.12 15:20,31387.6,60,27,33
2021.02.12 15:40,31415.6,46,22,24
2021.02.12 16:05,31394.6,43,19,24
2021.02.12 16:40,31377.2,55,31,24
2021.02.12 16:45,31413.2,43,19,24
2021.02.12 17:00,31360.2,25,17,8
2021.02.12 17:05,31398.2,33,15,18
2021.02.12 17:55,31399.5,31,15,16
2021.02.12 18:00,31427.0,25,10,15
2021.02.12 18:05,31400.0,32,16,16
2021.02.12 18:25,31400.0,31,15,16
2021.02.12 19:05,31443.0,31,17,14
2021.02.12 20:20,31346.8,17,13,4
2021.02.12 21:05,31363.3,28,21,7
2021.02.12 21:10,31381.8,37,19,18
2021.02.12 21:15,31360.8,21,15,6
2021.02.12 21:20,31382.3,36,19,17
2021.02.12 21:25,31365.3,31,20,11
2021.02.12 21:30,31384.3,33,16,17
2021.02.12 21:55,31380.8,31,16,15
2021.02.12 22:00,31367.3,28,18,10
2021.02.12 22:40,31433.6,28,16,12
2021.02.12 22:45,31414.1,27,11,16
2021.02.12 23:35,31473.9,75,41,34
2021.02.15 01:15,31540.4,106,50,56
2021.02.15 03:40,31557.9,47,25,22
2021.02.15 04:20,31604.4,69,30,39
2021.02.15 04:40,31580.4,30,14,16
2021.02.15 05:15,31594.4,35,18,17
2021.02.15 05:45,31612.9,91,49,42
2021.02.15 06:25,31604.4,66,27,39
2021.02.15 07:20,31610.4,79,47,32
2021.02.15 07:35,31596.4,43,25,18
2021.02.15 08:30,31611.9,79,38,41
2021.02.15 09:00,31618.0,64,31,33
2021.02.15 09:05,31607.0,70,37,33
2021.02.15 09:10,31617.5,61,35,26
2021.02.15 09:15,31605.0,55,25,30
2021.02.15 09:30,31621.0,62,35,27
2021.02.15 09:55,31616.0,62,34,28
2021.02.15 10:05,31593.5,31,19,12
2021.02.15 11:00,31628.0,54,26,28
2021.02.15 11:15,31630.0,52,22,30
2021.02.15 12:35,31637.0,33,13,20
2021.02.15 12:50,31641.0,28,17,11
2021.02.15 13:20,31627.0,43,21,22
2021.02.15 14:30,31625.5,40,21,19
2021.02.15 14:50,31605.0,40,19,21
2021.02.15 15:05,31617.0,42,21,21
2021.02.15 15:35,31609.5,45,23,22
2021.02.15 15:40,31619.0,38,21,17
2021.02.15 15:50,31608.5,43,23,20
2021.02.15 16:55,31619.6,35,19,16
2021.02.15 17:35,31625.6,34,18,16
2021.02.15 18:00,31653.6,44,35,9
2021.02.15 18:05,31638.6,29,11,18
2021.02.15 18:20,31682.1,11,3,8
2021.02.15 18:35,31651.1,30,19,11
2021.02.15 19:10,31655.6,44,28,16
2021.02.15 20:15,31640.3,27,15,12
2021.02.15 20:50,31645.9,35,16,19
2021.02.15 21:20,31641.2,26,15,11
2021.02.15 21:25,31650.2,30,16,14
2021.02.15 21:30,31641.4,25,15,10
2021.02.15 21:45,31646.6,29,16,13
2021.02.15 22:05,31637.0,28,11,17
2021.02.15 23:35,31640.9,20,11,9
2021.02.16 00:10,31648.7,29,15,14
2021.02.16 00:40,31648.9,27,14,13
2021.02.16 01:20,31622.9,39,21,18
2021.02.16 01:40,31641.9,15,9,6
2021.02.16 01:50,31616.9,32,17,15
2021.02.16 02:00,31634.4,25,11,14
2021.02.16 02:05,31621.4,32,17,15
2021.02.16 02:50,31656.4,44,26,18
2021.02.16 03:00,31677.4,14,6,8
2021.02.16 03:05,31663.9,40,18,22
2021.02.16 03:25,31709.4,13,6,7
2021.02.16 03:35,31695.4,12,5,7
2021.02.16 03:45,31709.9,9,3,6
2021.02.16 04:00,31699.9,20,12,8
2021.02.16 04:05,31685.9,5,0,5
2021.02.16 04:50,31695.4,6,3,3
2021.02.16 04:55,31702.9,19,10,9
2021.02.16 06:05,31720.4,0,0,0
2021.02.16 06:40,31707.4,4,3,1
2021.02.16 07:15,31695.9,1,0,1
2021.02.16 07:45,31649.9,26,12,14
2021.02.16 08:15,31687.9,1,0,1
2021.02.16 08:40,31677.4,7,1,6
2021.02.16 08:45,31683.4,2,0,2
2021.02.16 08:55,31668.9,33,12,21
2021.02.16 09:00,31691.5,0,0,0
2021.02.16 09:35,31677.5,3,1,2
2021.02.16 09:45,31657.5,41,21,20
2021.02.16 09:50,31673.0,12,3,9
2021.02.16 10:35,31645.5,20,10,10
2021.02.16 10:50,31652.5,29,19,10
2021.02.16 11:35,31619.5,30,15,15
2021.02.16 12:00,31665.0,21,10,11
2021.02.16 12:25,31643.0,9,4,5
2021.02.16 12:45,31666.5,20,10,10
2021.02.16 13:45,31664.5,20,10,10
2021.02.16 13:50,31644.0,8,4,4
2021.02.16 14:10,31669.0,16,6,10
2021.02.16 14:45,31627.5,26,8,18
2021.02.16 14:50,31640.5,6,2,4
2021.02.16 15:40,31585.5,28,13,15
2021.02.16 15:50,31612.0,32,17,15
2021.02.16 16:15,31559.0,42,22,20
2021.02.16 16:20,31579.5,27,10,17
2021.02.16 17:55,31461.0,40,22,18
2021.02.16 18:00,31544.5,83,37,46
2021.02.16 18:30,31471.0,66,38,28
2021.02.16 18:50,31456.0,38,22,16
2021.02.16 19:45,31515.1,120,57,63
2021.02.16 20:05,31548.1,54,23,31
2021.02.16 20:35,31568.1,24,12,12
2021.02.16 20:55,31522.6,95,42,53
2021.02.16 21:05,31554.6,35,20,15
2021.02.16 21:10,31534.1,83,38,45
2021.02.16 21:50,31518.1,117,47,70
2021.02.16 21:55,31546.6,53,19,34
2021.02.16 22:00,31511.1,96,47,49
2021.02.16 22:05,31554.1,31,17,14
2021.02.16 22:50,31489.2,58,32,26
2021.02.16 22:55,31537.7,70,35,35
2021.02.16 23:35,31538.3,70,33,37
2021.02.16 23:40,31527.3,74,34,40
2021.02.17 00:00,31536.6,62,29,33
2021.02.17 00:05,31542.1,59,25,34
2021.02.17 00:25,31529.3,71,24,47
2021.02.17 00:35,31540.6,62,28,34
2021.02.17 00:50,31532.7,62,26,36
2021.02.17 01:10,31500.8,78,43,35
2021.02.17 01:40,31521.8,85,35,50
2021.02.17 02:35,31487.3,52,29,23
2021.02.17 02:50,31442.8,27,13,14
2021.02.17 02:55,31468.8,42,24,18
2021.02.17 04:00,31465.3,29,18,11
2021.02.17 04:30,31487.3,49,26,23
2021.02.17 04:50,31522.8,76,35,41
2021.02.17 04:55,31509.3,77,33,44
2021.02.17 05:10,31528.3,67,30,37
2021.02.17 06:50,31522.3,70,30,40
2021.02.17 06:55,31509.8,73,31,42
2021.02.17 07:05,31533.3,57,28,29
2021.02.17 07:10,31514.8,83,39,44
2021.02.17 07:35,31555.3,30,14,16
2021.02.17 08:05,31518.8,81,36,45
2021.02.17 08:15,31547.3,41,18,23
2021.02.17 08:20,31535.8,48,24,24
2021.02.17 08:30,31555.8,29,13,16
2021.02.17 08:50,31539.8,53,23,30
2021.02.17 09:05,31551.4,29,16,13
2021.02.17 10:55,31546.4,36,15,21
2021.02.17 11:15,31476.9,57,30,27
2021.02.17 11:25,31507.9,62,31,31
2021.02.17 12:10,31517.9,74,30,44
2021.02.17 12:30,31522.4,53,22,31
2021.02.17 12:35,31508.4,58,27,31
2021.02.17 12:45,31523.4,49,20,29
2021.02.17 12:55,31500.9,59,32,27
2021.02.17 13:00,31517.4,69,31,38
2021.02.17 13:05,31491.9,39,19,20
2021.02.17 13:10,31513.9,61,29,32
2021.02.17 14:05,31531.4,48,22,26
2021.02.17 14:10,31513.9,53,23,30
2021.02.17 15:10,31545.4,33,15,18
2021.02.17 16:00,31480.9,49,24,25
2021.02.17 16:50,31523.0,38,17,21
2021.02.17 16:55,31472.5,39,24,15
2021.02.17 17:10,31559.7,23,11,12
2021.02.17 17:55,31545.7,29,13,16
2021.02.17 19:00,31512.7,36,16,20
2021.02.17 19:20,31475.7,31,16,15
2021.02.17 19:30,31520.7,35,16,19
2021.02.17 19:35,31504.7,32,18,14
2021.02.17 19:45,31540.2,34,14,20
2021.02.17 21:05,31599.2,26,14,12
2021.02.17 21:25,31545.7,19,9,10
2021.02.17 22:20,31636.4,11,4,7
2021.02.17 22:30,31601.9,24,13,11
2021.02.17 23:45,31612.1,20,11,9
2021.02.17 23:50,31600.1,23,11,12
2021.02.18 00:20,31616.1,16,9,7
2021.02.18 00:25,31614.3,17,8,9
2021.02.18 00:40,31624.1,11,7,4
2021.02.18 01:25,31595.6,22,10,12
2021.02.18 02:20,31647.6,5,3,2
2021.02.18 02:40,31686.6,0,0,0
2021.02.18 02:55,31655.1,4,2,2
2021.02.18 03:05,31676.1,0,0,0
2021.02.18 03:45,31605.6,15,5,10
2021.02.18 04:40,31631.1,1,0,1
2021.02.18 05:55,31607.6,13,6,7
2021.02.18 06:20,31551.1,21,11,10
2021.02.18 06:40,31589.6,10,6,4
2021.02.18 06:50,31573.1,16,7,9
2021.02.18 07:20,31620.6,0,0,0
2021.02.18 07:25,31603.1,10,3,7
2021.02.18 07:30,31620.1,0,0,0
2021.02.18 07:40,31593.1,10,7,3
2021.02.18 07:45,31607.6,6,3,3
2021.02.18 07:55,31581.1,7,3,4
2021.02.18 08:10,31590.6,5,3,2
2021.02.18 08:15,31601.6,7,3,4
2021.02.18 08:20,31591.1,5,3,2
2021.02.18 09:15,31533.2,25,10,15
2021.02.18 09:25,31559.2,15,7,8
2021.02.18 09:35,31533.7,23,7,16
2021.02.18 09:40,31559.7,13,6,7
2021.02.18 10:25,31505.2,34,19,15
2021.02.18 11:35,31535.2,15,3,12
2021.02.18 11:55,31564.2,5,2,3
2021.02.18 12:25,31550.2,1,0,1
2021.02.18 12:35,31567.2,0,0,0
2021.02.18 13:05,31470.2,20,14,6
2021.02.18 13:25,31533.7,16,4,12
2021.02.18 13:30,31512.2,25,9,16
2021.02.18 14:20,31503.7,31,19,12
2021.02.18 15:25,31463.2,7,5,2
2021.02.18 15:30,31486.7,10,5,5
2021.02.18 15:45,31409.7,20,7,13
2021.02.18 15:55,31447.2,4,2,2
2021.02.18 16:10,31380.2,27,15,12
2021.02.18 16:35,31453.8,2,1,1
2021.02.18 16:40,31334.3,9,6,3
2021.02.18 17:30,31287.8,0,0,0
2021.02.18 18:00,31339.8,7,5,2
2021.02.18 18:05,31398.8,8,5,3
2021.02.18 18:10,31354.8,8,4,4
2021.02.18 18:50,31367.3,10,9,1
2021.02.18 19:05,31316.3,0,0,0
2021.02.18 19:25,31378.3,9,5,4
2021.02.18 19:50,31361.8,2,2,0
2021.02.18 19:55,31394.3,6,4,2
2021.02.18 20:00,31360.3,0,0,0
2021.02.18 20:35,31496.1,15,12,3
2021.02.18 20:55,31467.1,9,7,2
2021.02.18 21:05,31522.1,12,4,8
2021.02.18 21:35,31541.6,5,1,4
2021.02.18 21:50,31493.6,8,6,2
2021.02.18 22:20,31513.7,9,2,7
2021.02.18 22:35,31547.7,0,0,0
2021.02.18 22:55,31475.7,17,8,9
2021.02.18 23:40,31511.0,5,2,3
2021.02.19 01:05,31525.0,0,0,0
2021.02.19 02:00,31485.0,7,3,4
2021.02.19 02:20,31493.0,2,1,1
2021.02.19 02:50,31470.0,2,1,1
2021.02.19 03:45,31399.5,1,0,1
2021.02.19 04:20,31373.0,0,0,0
